# BCMC Core edge cases
#
# Generated by validation/gen_vectors.py from validation/reference.py
# Seed: 20260731.  Do not edit by hand.
#
# Format:  N <n> / C <c> / <c weights> / --- / <c offsets>

N 1
C 0


---


N 5
C 0


---


N 65535
C 0


---


N 1
C 1

0

---

0

N 7
C 3

0
0
0

---

0
0
0

N 16
C 16

0
0
0
0
0
0
0
0
0
0
0
0
0
0
0
0

---

0
0
0
0
0
0
0
0
0
0
0
0
0
0
0
0

N 1
C 1

1

---

0

N 1
C 4

1
1
1
1

---

0
0
0
0

N 1
C 4

0
1
0
1

---

0
0
0
0

N 5
C 1

5

---

0

N 5
C 2

5
5

---

0
0

N 5
C 5

5
5
5
5
5

---

0
0
0
0
0

N 10
C 2

10
10

---

0
0

N 4
C 4

0
4
0
4

---

0
0
0
0

N 10
C 4

10
0
0
10

---

0
0
0
0

N 5
C 5

4
2
0
4
3

---

0
4
1
1
0

N 5
C 5

1
1
1
1
1

---

0
1
2
3
4

N 8
C 2

7
1

---

0
7

N 8
C 1

8

---

0

N 8
C 8

1
1
1
1
1
1
1
1

---

0
1
2
3
4
5
6
7

N 8
C 3

6
3
5

---

0
6
1

N 15
C 10

4
13
13
11
12
5
10
2
0
12

---

0
4
2
0
11
8
13
8
10
10

N 31
C 10

24
26
28
11
8
20
19
26
2
30

---

0
24
19
16
27
4
24
12
7
9

N 4
C 5

3
3
3
3
3

---

0
3
2
1
0

N 17
C 6

2
3
5
7
11
13

---

0
2
5
10
0
11

N 16
C 4

16
16
16
16

---

0
0
0
0
