# BCMC Core large cases (N up to 65,535, C up to 1,024)
#
# Generated by validation/gen_vectors.py from validation/reference.py
# Seed: 20260731.  Do not edit by hand.
#
# Format:  N <n> / C <c> / <c weights> / --- / <c offsets>

N 65535
C 64

6820
40318
30897
16918
34404
10011
49143
25026
38265
6538
60238
61861
2931
56893
42862
4306
61748
62838
23450
35207
53064
12679
64407
24363
17169
13065
44957
13066
458
62729
7102
50028
50004
3099
18416
13617
41678
29953
5860
55429
40408
18828
12150
55656
47938
23829
18986
833
25216
53872
24645
34694
1454
34449
63495
10157
844
62759
65156
50706
16109
52881
35537
2584

---

0
6820
47138
12500
29418
63822
8298
57441
16932
55197
61735
56438
52764
55695
47053
24380
28686
24899
22202
45652
15324
2853
15532
14404
38767
55936
3466
48423
61489
61947
59141
708
50736
35205
38304
56720
4802
46480
10898
16758
6652
47060
353
12503
2624
50562
8856
27842
28675
53891
42228
1338
36032
37486
6400
4360
14517
15361
12585
12206
62912
13486
832
36369

N 65535
C 256

41675
10190
39712
41591
37489
64541
4550
61431
35443
2058
54084
48960
17007
50752
35103
28457
7283
48390
51692
29053
656
28195
30955
36383
35441
11326
22148
11897
28454
8685
62626
17236
9064
23162
19683
5835
37510
4808
2924
11899
18661
42441
53011
40910
13037
47860
31536
9198
49437
663
22010
45683
32314
19054
26136
248
48874
43860
60960
38758
53600
62473
28472
55568
33364
1235
7278
8039
1873
4081
4667
19132
45551
10661
9504
57523
55495
14239
27667
53679
58697
22915
1637
42445
62324
62735
65472
20071
26015
10636
53917
31839
44675
10674
21717
21518
29790
11572
61773
61314
20638
52616
59518
41650
58698
8233
30478
17137
26570
48334
65190
37581
36639
19674
17822
51628
23920
44233
44680
46485
12564
42916
11711
64592
60992
874
55146
43980
9921
45666
3302
1138
54040
21838
56037
4030
45876
56651
35059
21123
9159
28641
2169
52900
46230
24705
33863
64755
32387
50720
33057
4445
28406
3336
37329
9972
19373
33842
64906
26558
60923
3479
62016
55863
5112
51607
55908
64328
60018
26289
24403
45192
50945
2699
16284
22725
63820
13922
16157
46299
8848
17611
53040
34675
65117
27180
8941
57448
43851
28869
36505
58280
56602
36862
44276
21592
24200
62565
47267
34063
36004
15798
55477
14865
29418
23408
24918
60086
21148
54300
2150
62458
44133
3187
25830
14005
52513
63045
12314
64584
19345
43930
8626
42338
32209
64245
51500
14576
37674
55552
17861
18623
39278
27615
38705
20644
46215
3208
3025
7709
25348
56060
23098
23960
25083
22702
45374
52080
33392
39917
52619
29553
24202
476
47672
11903

---

0
41675
51865
26042
2098
39587
38593
43143
39039
8947
11005
65089
48514
65521
50738
20306
48763
56046
38901
25058
54111
54767
17427
48382
19230
54671
462
22610
34507
62961
6111
3202
20438
29502
52664
6812
12647
50157
54965
57889
4253
22914
65355
52831
28206
41243
23568
55104
64302
48204
48867
5342
51025
17804
36858
62994
63242
46581
24906
20331
59089
47154
44092
7029
62597
30426
31661
38939
46978
48851
52932
57599
11196
56747
1873
11377
3365
58860
7564
35231
23375
16537
39452
41089
17999
14788
11988
11925
31996
58011
3112
57029
23333
2473
13147
34864
56382
20637
32209
28447
24226
44864
31945
25928
2043
60741
3439
33917
51054
12089
60423
60078
32124
3228
22902
40724
26817
50737
29435
8580
55065
2094
45010
56721
55778
51235
52109
41720
20165
30086
10217
13519
14657
3162
25000
15502
19532
65408
56524
26048
47171
56330
19436
21605
8970
55200
14370
48233
47453
14305
65025
32547
36992
65398
3199
40528
50500
4338
38180
37551
64109
59497
62976
59457
49785
54897
40969
31342
30135
24618
50907
9775
54967
40377
43076
59360
16550
14835
28757
44914
25678
34526
52137
39642
8782
8364
35544
44485
36398
14714
43583
14553
7298
63900
35227
13968
35560
59760
56790
38522
7050
43054
58852
48794
63659
27542
50950
10333
4884
26032
14797
16947
13870
58003
61190
21485
35490
22468
19978
32292
31341
50686
29081
37707
14510
46719
45429
31394
45970
18109
8126
25987
44610
18353
45968
19138
39782
20462
23670
26695
34404
59752
50277
7840
31800
56883
14050
59424
45969
13826
53743
40827
4845
29047
29523
11660

N 10000
C 200

8398
8023
6612
530
3597
1980
4600
3564
1998
9817
6901
9940
3901
9170
4753
2812
4455
7061
7611
9359
3781
2081
7152
9085
2145
783
388
6301
4500
2571
9004
5762
90
2199
9551
4446
7458
4218
343
2363
6370
6247
1491
9099
9919
9020
5192
5913
9075
9284
8820
5636
2355
9719
7457
8885
2238
2057
4914
5305
1495
9374
6138
1774
3538
2439
950
4239
2175
9114
7242
9068
1776
9726
6787
9761
5228
4816
5160
3364
802
648
2580
2244
8128
514
5256
4650
2884
704
8922
3216
7390
96
9668
2978
9850
9925
8160
7293
1733
5428
8316
2066
6410
9614
3364
6723
732
1762
1413
2324
1816
1416
4290
4805
1515
6616
5355
2999
2818
914
3300
132
7147
8730
7490
6434
2774
449
2005
8757
235
9187
6928
7712
7551
555
4140
2768
4819
2292
5423
804
4229
6613
4532
2649
2909
6220
2218
2269
6537
3664
8724
6689
427
4101
4090
7790
4398
4823
1657
3381
2112
8494
2041
2020
8042
4567
8668
8879
3199
2132
5426
3332
6425
2416
9544
2333
9229
7274
8777
8892
5638
1727
5170
7441
6898
3510
9947
4780
2992
1209
5128
4338
7502
9319
3539
2913

---

0
8398
6421
3033
3563
7160
9140
3740
7304
9302
9119
6020
5960
9861
9031
3784
6596
1051
8112
5723
5082
8863
944
8096
7181
9326
109
497
6798
1298
3869
2873
8635
8725
924
475
4921
2379
6597
6940
9303
5673
1920
3411
2510
2429
1449
6641
2554
1629
913
9733
5369
7724
7443
4900
3785
6023
8080
2994
8299
9794
9168
5306
7080
618
3057
4007
8246
421
9535
6777
5845
7621
7347
4134
3895
9123
3939
9099
2463
3265
3913
6493
8737
6865
7379
2635
7285
169
873
9795
3011
401
497
165
3143
2993
2918
1078
8371
104
5532
3848
5914
2324
1938
5302
2025
2757
4519
5932
8256
72
1488
5778
583
2098
8714
4069
7068
9886
800
4100
4232
1379
109
7599
4033
6807
7256
9261
8018
8253
7440
4368
2080
9631
186
4326
7094
1913
4205
9628
432
4661
1274
5806
8455
1364
7584
9802
2071
8608
2272
996
7685
8112
2213
6303
4093
8491
3314
4971
8352
464
8958
999
3019
1061
5628
4296
3175
6374
8506
3932
7264
3689
6105
5649
7982
7211
4485
3262
2154
7792
9519
4689
2130
9028
2538
2485
7265
257
1466
6594
932
8434
7753
1292

N 4096
C 1024

707
3895
2117
3686
49
2976
962
3717
1400
2590
948
4092
1963
232
37
3061
33
2831
3850
2372
1117
3491
1580
2210
1776
941
1866
1865
951
3232
1522
2042
616
3231
3657
3914
3353
2532
4050
2842
1075
1857
2325
1925
1514
1047
3899
1863
2976
2137
349
2316
2189
3098
1416
168
2964
304
295
213
3492
3106
2068
998
3927
1816
3942
506
2090
781
964
2075
3380
3112
3372
455
4093
919
1755
2558
2994
2707
2952
2647
3795
3889
94
3245
2236
3397
1551
1772
1294
3033
2167
2989
596
3692
2544
683
2753
803
2870
3125
1532
3601
2611
2467
3594
3608
2534
1371
1252
3031
2712
3978
865
2764
46
2782
1005
2983
3739
2665
3639
2398
1859
689
650
397
2436
3924
3479
2884
350
2758
3476
2515
1122
2855
3772
618
3899
3955
1044
3285
2323
2610
3176
537
243
793
3846
133
1175
1256
327
349
3684
2143
2122
1842
1410
1791
3791
2507
4037
2664
2810
387
2275
3078
3919
3929
2354
116
1860
1363
1413
2040
3758
2069
3193
969
2065
241
1252
3891
412
1341
618
1810
1695
3751
3152
3293
1061
3180
2574
2440
984
3717
954
3722
2458
1916
2899
2375
3029
726
2250
1700
1273
2127
904
3203
3870
1588
692
1637
466
3968
805
2179
3005
3607
2591
4007
3229
337
3239
3602
2914
3033
198
3466
2713
313
2148
1254
1772
4020
1162
1706
3685
298
3458
3583
3541
3346
3181
3959
1550
2724
3452
4051
558
3798
1485
882
1241
675
3870
1713
740
87
111
919
2050
1570
105
3171
380
3796
2725
2489
1411
2606
3964
3595
3715
101
2387
2499
2230
1646
1267
3672
566
1197
1160
1244
2719
3295
1376
1785
3996
2111
1011
5
2307
1558
1878
3340
1449
2427
2125
2636
510
1115
1464
2344
1982
1249
3451
64
414
1515
4011
1698
787
1912
942
2109
2682
969
2606
3121
3112
3833
1011
2868
964
2235
1514
76
3616
60
3977
844
459
3122
2307
1530
130
3374
1099
224
442
3214
771
2993
4092
373
3814
3738
829
2279
2225
1776
2949
285
1144
2291
1028
2373
1149
2680
2114
146
3032
3598
1967
1033
3966
747
2633
3359
3604
4066
264
2449
2448
3268
3058
342
1334
2000
1766
226
1704
2215
435
2309
2634
3414
1917
1860
1019
2273
3494
3990
212
1541
137
332
170
2321
2191
2135
2294
1380
867
1113
2174
3651
411
646
181
2873
2230
649
1187
1500
2025
1399
105
156
3966
652
1871
3643
2703
1456
1348
1293
3966
1790
482
2611
518
2563
2026
1559
895
816
402
1060
1567
2974
942
1536
764
2807
2131
3159
2904
3107
1852
2885
1513
3950
2794
3556
48
2303
3238
2512
2956
3259
271
0
2475
199
3799
1647
2439
1764
3362
2706
936
1631
2908
1745
1474
3495
3235
2188
2537
1287
2620
156
3566
3210
1573
255
3831
1081
2653
1777
2789
1513
695
3981
997
4071
1129
4004
1858
570
432
36
1477
1479
853
2242
2300
377
2545
605
400
993
214
2029
1172
497
441
3889
2510
2500
720
1956
687
207
1478
2298
3996
242
169
3165
2396
3228
2598
2069
1996
2735
1700
1558
2353
1408
43
2911
180
2147
264
3553
3183
3679
796
2016
3139
3475
646
2210
1023
1166
2317
1527
1355
2190
861
1129
2778
1979
1104
2640
3750
2840
3459
3476
594
1581
9
287
600
2382
3323
3981
2810
3787
282
650
1279
3541
3320
1190
1138
1226
1351
909
2575
2102
118
2006
2501
3587
3488
3537
1268
2667
421
1793
2639
309
3505
2396
328
510
1924
4071
170
2849
398
963
1068
2241
1960
2053
310
3667
2309
3428
1169
1410
975
2218
555
2311
3326
3858
1055
3814
1042
962
728
2077
2872
1638
4060
1284
1221
1028
1897
2270
3671
2460
794
1818
2436
1628
3677
2040
1781
479
932
723
2591
510
3145
2849
1164
3452
666
30
278
2155
869
2601
587
2580
2940
4033
1949
2832
3703
1619
3745
1252
3033
3279
3618
308
366
2550
1795
878
2279
2247
126
901
3278
1976
1924
2128
2759
3408
2975
3906
3066
256
3784
1776
3381
3309
2855
3266
3030
1147
3870
3598
1562
478
1375
1635
3556
3572
2457
2426
3752
39
2486
462
1338
681
2266
1127
1943
2097
2898
1108
1380
181
3998
2258
1503
1581
3614
2680
2120
2714
2869
714
77
1414
103
3662
2464
351
3478
2689
810
3080
2651
4019
1224
1765
3920
266
710
398
1571
3347
2101
3963
3987
2423
3473
1266
3916
3238
3561
1135
147
2444
930
1390
3836
3834
3462
907
4069
1341
1325
1834
295
711
3184
680
1824
3364
3298
18
3523
2523
3895
308
2529
335
416
1892
1032
2910
476
1342
3831
3844
3512
1080
2740
2914
167
1544
3990
1887
2985
3496
2229
2698
3254
2610
1847
3392
372
3196
846
2361
1636
774
3883
1035
2436
1860
2223
1453
2985
1568
2869
2578
624
1689
1005
1226
2008
80
3770
2437
2213
2506
385
238
3954
1058
1901
2515
1690
3691
3263
3453
900
3118
2249
152
2559
3231
365
3472
105
3745
583
3066
3964
58
3211
1290
3329
1878
1171
209
1633
3945
2054
335
113
2607
1243
82
3335
3077
1292
1722
3992
406
3037
2372
3033
2118
247
3136
1199
325
2696
2676
3090
3032
3605
2581
2162
1071
2778
2849
305
3311
2870
2527
2102
2280
1776
3329
3126
417
2827
1339
720
1082
2629
1219
2523
3805
947
3833
3160
611
3927
2478
3891
2947
1466
615
2018
916
1089
603
1474
1176
1981
467
3628
3505
2533
2769
917
4005
1416
2183
629
836
1591
812
3585
2703
2066
700
1570
3562
1569
3947
336
2242
1322
1679
3918
2782
55
2495
3717
1120
2002
1457
2044
244
2956
2822
6
3165
3774
3082
453
1098
1213
3700
2444
183
3413
2573
1945
3382
2904
491
1123
103
3839
2058
890
3370
3271
569
1106
556
1240
3159
1368
2488
3108
1106

---

0
707
506
2623
2213
2262
1142
2104
1725
3125
1619
2567
2563
430
662
699
3760
3793
2528
2282
558
1675
1070
2650
764
2540
3481
1251
3116
4067
3203
629
2671
3287
2422
1983
1801
1058
3590
3544
2290
3365
1126
3451
1280
2794
3841
3644
1411
291
2428
2777
997
3186
2188
3604
3772
2640
2944
3239
3452
2848
1858
3926
828
659
2475
2321
2827
821
1602
2566
545
3925
2941
2217
2672
2669
3588
1247
3805
2703
1314
170
2817
2516
2309
2403
1552
3788
3089
544
2316
3610
2547
618
3607
107
3799
2247
2930
1587
2390
1164
193
1725
1230
3841
2212
1710
1222
3756
1031
2283
1218
3930
3812
581
3345
3391
2077
3082
1969
1612
181
3820
2122
3981
574
1224
1621
4057
3885
3268
2056
2406
1068
448
2963
4085
2844
2520
3138
2941
2800
3844
3033
1260
3870
2950
3487
3730
427
177
310
1485
2741
3068
3417
3005
1052
3174
920
2330
25
3816
2227
2168
736
3546
3933
2112
1094
917
750
3104
3220
984
2347
3760
1704
1366
3435
2532
3501
1470
1711
2963
2758
3170
415
1033
2843
442
97
3249
2446
3507
2591
1069
3509
397
18
972
598
3056
876
3775
2054
987
1713
3963
1567
2840
871
1775
882
656
2244
2936
477
943
815
1620
3799
2708
2219
714
625
3854
95
3334
2840
1658
595
793
163
2876
3189
1241
2495
171
95
1257
2963
2552
2850
2212
1699
1144
394
3575
3438
892
3616
2972
2927
3485
3187
576
1458
2699
3374
3148
765
1505
1592
1703
2622
576
2146
2251
1326
1706
1406
35
2524
3935
2445
2313
1812
1431
1532
3919
2322
456
2102
3369
2945
3511
612
1772
3016
1639
838
2214
3999
3899
1914
2925
2930
1141
2699
481
3821
1174
3601
1630
170
680
1795
3259
1507
3489
642
4093
61
475
1990
1905
3603
294
2206
3148
1161
3843
716
3322
2347
1363
1100
2111
883
1847
4082
1500
1576
1096
1156
1037
1881
2340
1366
3673
1107
1237
515
1614
1838
2280
1398
2169
1066
1062
1435
1153
795
1624
3903
2032
3808
2661
2946
4090
2285
3313
1590
2739
1323
3437
3583
2519
2021
3988
925
795
1542
79
3438
2946
2916
3180
1533
3981
3153
2115
2457
3791
1695
3461
3687
1295
3510
3945
2158
696
14
1931
3791
714
2987
2385
2279
2491
4032
73
405
575
2896
991
3126
1324
2704
3571
588
2762
2317
2728
3374
3555
2332
466
1115
2302
3802
1731
3130
3235
3391
3261
3913
1688
1235
3938
1298
2646
3939
3809
1503
1985
500
1018
3581
1511
3070
3965
685
1087
2147
3714
2592
3534
974
1738
449
2580
1643
451
3558
1314
103
1616
1470
168
3724
3772
1979
1121
3633
2493
1656
1927
1927
306
505
208
1855
198
1962
1228
3934
774
2405
1217
2962
340
3835
2974
1066
3603
794
3414
3570
3040
2154
3727
3982
3717
702
3355
1036
3825
1242
1937
1822
2819
2794
3923
3831
1593
2163
2595
2631
12
1491
2344
490
2790
3167
1616
2221
2621
3614
3828
1761
2933
3430
3871
3664
2078
482
1202
3158
3845
4052
1434
3732
3632
3874
4043
3112
1412
544
3142
1115
3111
1750
3450
912
3265
577
620
3531
3711
1762
2026
1483
570
153
949
2965
2008
1387
2033
147
1170
2336
557
2084
3439
1533
2394
3523
2205
88
1192
3832
3486
2230
1593
973
1567
3148
3157
3444
4044
2330
1557
1442
156
3943
129
779
2058
1503
727
1917
3055
185
1536
2445
924
3026
3144
1054
3555
3046
2438
1879
3147
1718
2139
3932
2475
2784
2193
493
821
1331
3255
3230
3400
2153
2551
3514
486
2727
591
2644
2954
2525
738
70
1239
2649
3624
1746
2301
516
3842
3604
563
281
1323
2285
3013
994
3866
1408
1372
2656
3877
809
2706
880
455
2915
3709
1431
3867
1399
980
3020
705
1184
2116
2839
1334
1844
893
3742
810
166
832
862
1140
3295
68
2669
3256
1740
584
521
2470
1206
813
2432
2081
3333
2270
1453
975
1283
1649
103
1898
2776
959
3206
3332
137
3415
1295
3219
1251
4010
3322
2201
2011
981
1237
925
2701
1986
1199
4054
3224
2158
3305
3079
2581
47
525
1900
3535
2995
2471
832
3258
2914
2953
1343
1805
3143
3824
1994
3121
968
3065
1867
2975
259
440
342
2600
7
1588
1106
3786
1810
428
3297
4011
4088
1406
1509
1075
3539
3890
3272
1865
2675
1659
214
137
1361
3126
2950
3216
3926
228
1799
1050
3151
3018
2909
1236
613
1879
1699
841
306
1441
1588
4032
866
2256
1996
1734
1100
2007
1980
3321
550
2384
2679
3390
2478
3158
886
154
3452
3470
2897
1324
1123
1431
3960
199
615
2507
3539
2353
2829
75
3906
3654
3070
54
2794
1612
1779
3323
3217
1008
3993
3393
1526
128
3382
1896
3743
3039
3411
2511
3357
1622
3258
4032
3819
758
3194
958
3181
538
3523
995
3864
2346
2970
563
1568
2794
706
786
460
2897
1014
3520
3905
47
4001
963
2864
1283
2973
2568
1735
1092
1992
1014
3263
3415
1878
1013
1378
754
859
508
1091
61
4025
4083
3198
392
3721
1503
2674
2883
420
269
2323
2658
2771
1282
2525
2607
1846
827
2119
3841
3737
47
3084
1360
297
2415
2662
1702
2901
3226
1826
406
3496
2432
1941
426
2588
3659
2341
1094
1399
614
3484
1915
4017
2201
3977
3210
2240
2657
1388
2727
3447
433
3062
185
2708
2417
3364
3101
2165
2776
2607
989
784
3731
1101
1716
3734
554
1643
2246
3720
800
2781
3248
2780
2189
626
3395
216
125
1541
3724
257
1093
2684
3496
2985
1592
3658
262
1832
1298
2867
2718
3054
1200
2522
105
4023
2709
2764
1163
784
1904
3906
1267
3311
3555
2415
1141
1147
216
3990
2976
3429
431
1644
1248
3692
3875
3192
1669
3614
2900
1708
2199
3322
3425
3168
1130
2020
1294
469
1038
2144
2700
3940
3003
275
2763
1775

N 1024
C 1024

608
651
356
226
942
902
461
357
418
35
169
668
501
199
742
205
793
902
93
477
840
828
561
937
36
459
1005
427
729
107
963
393
334
765
98
215
914
305
644
939
466
230
520
220
846
502
428
428
263
502
621
150
945
89
553
347
751
485
648
40
260
883
1023
195
564
746
114
498
877
538
590
203
460
704
683
221
583
30
435
988
913
900
575
689
100
907
109
814
670
490
1024
879
115
297
683
714
957
673
88
590
883
247
963
113
566
49
11
159
564
581
154
279
483
524
20
924
404
788
973
896
158
76
169
340
10
650
31
579
448
732
896
719
152
60
972
795
105
369
192
441
688
794
435
974
269
736
283
7
979
420
631
871
800
692
420
133
912
599
807
65
6
913
140
259
612
671
318
445
971
996
958
938
975
304
153
344
745
979
60
269
838
802
68
334
9
648
391
340
169
779
927
695
84
177
1020
1007
652
796
523
371
430
856
576
82
794
728
25
944
646
98
426
1
386
345
926
385
592
542
855
79
1018
988
958
270
471
544
849
945
679
855
747
513
281
724
832
105
154
648
968
41
124
25
970
1016
676
998
434
505
937
943
66
923
316
919
712
551
902
119
113
949
371
85
471
286
786
832
180
520
718
618
660
1010
396
706
705
742
550
47
509
223
194
656
750
249
398
367
496
822
689
272
383
737
410
93
328
416
266
187
927
438
590
300
405
697
551
759
26
325
254
302
49
144
628
736
879
160
761
945
782
967
541
401
684
456
504
947
382
433
8
18
596
829
353
843
560
302
677
313
305
34
30
566
896
475
1012
545
395
984
443
850
999
766
68
902
743
154
661
760
438
193
691
845
692
649
1
617
517
351
367
897
142
117
430
924
947
115
781
936
887
781
838
781
473
863
413
951
960
727
683
285
418
969
655
970
784
322
420
318
482
48
187
964
100
19
189
588
176
900
639
361
345
892
721
893
361
835
736
128
981
551
677
713
327
799
564
802
82
165
591
733
247
992
369
417
514
537
334
510
961
613
144
339
956
793
526
103
603
795
286
471
1017
386
506
575
990
130
869
142
71
418
240
193
736
259
407
323
552
149
588
36
642
595
552
418
157
502
688
152
665
636
399
978
750
910
323
298
259
538
629
462
202
1010
812
627
394
393
1006
998
980
321
133
706
119
52
429
959
927
72
120
772
784
143
56
762
793
513
203
692
885
62
1010
785
83
584
948
669
667
341
712
72
216
3
453
613
382
249
130
222
57
676
103
1007
771
40
767
162
339
768
955
248
61
339
279
593
970
712
751
625
806
756
573
777
321
221
973
977
445
366
430
525
699
134
422
0
627
782
134
478
61
620
747
276
194
62
599
903
509
70
929
965
938
524
894
785
556
993
513
549
182
8
794
256
519
634
9
577
743
898
756
12
1007
754
903
210
875
807
430
444
938
704
213
192
856
327
376
28
835
332
1014
396
327
494
688
26
257
341
989
591
160
769
695
1010
869
974
1010
765
705
747
155
572
839
567
587
206
181
679
14
342
590
414
35
80
807
131
609
59
823
204
674
50
996
449
875
1023
459
892
608
835
846
220
628
810
809
68
972
394
441
421
891
488
973
180
745
76
813
850
972
35
426
273
826
330
147
415
634
338
651
775
1013
394
524
184
132
229
336
572
89
815
276
686
751
517
90
741
693
840
95
409
420
632
75
862
534
121
818
190
399
781
1023
252
706
828
48
245
285
727
764
274
654
190
133
842
834
962
417
926
805
703
632
530
985
471
369
464
646
600
309
1019
986
348
40
447
525
189
443
869
952
760
644
478
281
322
522
339
547
958
314
329
276
501
856
358
967
806
802
845
963
838
748
503
468
332
934
244
77
1012
594
122
524
50
879
953
232
604
431
886
159
344
754
190
920
565
525
145
599
232
887
232
152
913
443
210
27
888
920
500
679
675
268
311
365
773
411
79
282
655
205
3
463
39
834
689
289
382
356
814
17
843
231
358
1004
380
795
621
82
327
368
797
526
851
705
59
699
36
947
209
538
965
723
664
925
64
690
471
744
998
782
992
367
369
944
636
640
627
388
706
73
752
561
4
291
471
205
646
207
317
65
293
105
778
947
464
782
714
634
123
836
705
572
233
762
436
255
5
147
837
573
412
996
621
456
517
61
393
350
989
365
439
157
116
437
238
560
660
151
50
8
920
753
98
976
8
43
548
823
143
331
106
870
961
993
917
528
874
168
932
185
674
47
363
323
658
495
248
350
414
598
898
754
1007
968
713
854
64
760
904
224
728
384
892
884
833
469
289
27
975
470
154
818
71
525
197
457
436
35
770
580
1011
735
343
195
234
500
491
711
72
922
330
316
52
498
768
68
643

---

0
608
235
591
817
735
613
50
407
825
860
5
673
150
349
67
272
41
943
12
489
305
109
670
583
619
54
35
462
167
274
213
606
940
681
779
994
884
165
809
724
166
396
916
112
958
436
864
268
531
9
630
780
701
790
319
666
393
878
502
542
802
661
660
855
395
117
231
729
582
96
686
889
325
5
688
909
468
498
933
897
786
662
213
902
1002
885
994
784
430
920
920
775
890
163
846
536
469
118
206
796
655
902
841
954
496
545
556
715
255
836
990
245
728
228
248
148
552
316
265
137
295
371
540
880
890
516
547
102
550
258
130
849
1001
37
1009
780
885
230
422
863
527
297
732
682
951
663
946
953
908
304
935
782
558
226
646
779
667
242
25
90
96
1009
125
384
996
643
961
382
329
301
235
149
100
404
557
901
622
577
637
906
720
498
566
900
909
533
924
240
409
164
67
762
846
1023
1019
1002
630
402
925
272
702
534
86
168
962
666
691
611
233
331
757
758
120
465
367
752
320
862
693
772
766
730
664
934
381
925
750
671
326
157
904
393
674
374
182
287
441
65
9
50
174
199
145
137
813
787
197
702
615
534
600
499
815
710
398
949
827
946
35
984
331
416
887
149
935
743
923
419
113
731
367
353
749
431
112
854
380
427
936
135
329
985
711
960
334
701
173
995
660
932
291
4
414
507
835
227
493
680
583
1021
587
887
268
965
492
227
253
578
832
110
159
303
931
643
498
658
395
316
74
17
558
959
619
51
555
478
860
269
277
295
891
696
25
868
404
706
359
672
977
1011
17
583
455
930
918
439
834
794
213
39
14
780
848
726
445
599
236
996
410
603
270
91
783
408
409
2
519
870
213
86
228
345
775
675
598
713
470
382
245
2
840
597
46
909
298
225
161
888
547
832
226
171
826
772
532
854
250
568
26
74
261
201
301
320
509
73
249
125
764
101
446
314
11
904
241
52
788
916
873
400
53
766
69
868
408
186
268
433
0
733
980
948
293
710
200
737
47
557
494
83
227
566
498
267
793
896
475
246
532
1003
996
358
864
415
381
511
356
498
569
987
203
396
108
367
774
73
625
774
338
374
1016
587
115
533
690
168
856
1008
649
261
660
614
340
226
549
847
82
620
225
687
889
875
663
266
660
29
11
1009
965
262
395
77
196
248
677
612
515
587
707
455
215
358
414
152
945
434
637
305
166
228
214
999
58
642
566
211
878
195
907
979
171
174
627
216
598
847
977
175
232
908
1011
994
741
781
524
686
1
769
700
948
1009
324
603
172
118
830
557
158
964
696
245
1022
319
540
489
442
887
229
659
160
859
993
391
391
1018
776
910
364
425
21
768
20
214
276
875
754
239
309
214
155
69
593
463
224
780
749
238
787
969
977
747
1003
498
108
117
694
413
287
19
31
14
768
647
857
708
491
921
341
255
959
148
340
172
499
875
903
714
22
12
408
735
205
893
919
152
493
458
25
185
954
625
611
456
406
392
133
838
561
716
264
79
646
209
415
596
251
265
607
173
587
622
702
485
616
201
260
59
263
937
987
959
384
235
234
693
561
145
980
802
1022
626
412
197
265
213
607
24
445
312
800
749
929
650
726
515
341
289
324
750
1023
825
131
278
693
303
641
268
19
8
402
926
86
218
447
783
331
420
211
487
149
900
393
483
200
893
709
804
189
609
217
292
130
664
785
579
769
144
925
924
152
858
662
710
955
216
943
683
957
587
777
910
728
538
476
893
795
576
255
887
393
354
825
170
634
256
856
141
136
98
446
486
933
434
623
42
911
839
575
195
673
954
252
774
89
636
570
884
189
465
966
798
132
75
881
659
480
419
233
981
460
928
236
146
390
467
455
25
147
671
721
576
505
737
317
748
610
769
89
843
9
929
470
995
116
715
947
810
18
170
59
502
712
739
603
499
999
654
305
573
884
225
998
385
464
746
377
582
585
24
63
897
562
851
209
565
355
372
191
422
780
760
116
911
508
590
917
261
34
560
387
68
127
826
862
785
994
508
449
148
812
713
777
443
914
634
608
366
334
701
46
990
602
218
845
209
915
988
716
253
257
548
1019
200
846
29
346
411
704
809
563
486
950
708
398
8
131
967
648
196
429
167
603
858
863
1010
823
372
784
756
353
809
302
363
756
82
47
412
851
1008
100
537
775
311
971
98
148
156
52
805
903
855
863
906
430
229
372
703
809
655
592
561
454
982
832
1000
908
69
743
790
129
452
86
581
829
155
569
143
17
771
754
698
387
217
281
17
921
121
849
209
77
961
770
215
504
531
482
952
82
900
971
472
669
102
538
573
319
899
886
597
940
111
345
845
312
1023
71
993
299
615
667
141
909
977

N 2
C 512

1
2
1
2
1
0
2
0
0
1
1
2
1
1
1
2
0
0
0
1
0
2
0
0
0
1
0
2
2
2
1
1
2
1
2
0
0
2
1
2
1
1
2
0
2
2
2
0
2
0
0
1
0
2
2
1
1
2
0
2
0
1
0
1
2
0
2
2
2
2
1
0
2
0
1
0
1
0
1
0
2
2
0
2
1
0
1
0
1
1
1
2
2
1
0
1
1
2
1
0
0
0
0
2
1
2
1
0
0
2
0
2
1
2
0
2
1
0
1
1
0
2
0
1
1
0
0
2
2
1
1
0
0
2
2
0
1
1
0
1
0
1
2
0
1
1
2
2
0
1
1
0
2
0
2
2
1
1
0
2
2
1
0
1
2
1
0
1
2
2
1
0
0
1
1
0
2
1
2
2
0
2
1
1
0
1
2
2
2
0
2
1
1
0
0
1
1
0
2
2
1
1
2
2
0
1
0
1
0
2
2
2
0
2
1
0
1
2
2
0
0
1
2
1
1
0
2
2
2
2
0
1
0
1
2
0
0
2
2
0
2
1
0
0
1
2
1
0
2
0
2
2
1
2
2
1
2
2
2
0
1
2
0
1
2
0
0
2
1
2
2
2
1
0
2
2
0
2
0
0
1
0
0
1
2
1
1
1
2
0
0
0
0
1
2
2
0
1
2
0
1
1
1
2
1
1
2
2
1
0
2
0
2
0
0
0
1
0
2
2
1
0
0
1
0
0
1
1
1
2
1
2
0
2
2
2
0
0
1
2
1
0
2
0
1
1
1
1
1
0
2
1
2
1
2
0
1
1
2
0
2
0
0
1
0
2
2
2
2
0
0
1
0
2
0
1
2
1
1
2
1
2
0
2
1
2
0
0
2
1
0
0
2
1
1
1
2
2
0
0
0
1
1
2
2
1
0
1
2
0
2
2
0
1
0
1
1
0
2
0
0
1
2
0
0
2
2
2
0
1
1
0
0
1
0
0
0
1
1
0
1
2
0
2
2
1
0
2
1
2
2
0
2
1
2
0
0
0
0
2
1
1
1
2
2
2
0
0
1
2
1
0
2
0
0
2
2
2
0
0
2
0
2
0
0
1
2
2
0
2
0
1
1
0
1
0
2
2
0
2
2
0
0
2
1
1
2
0
0
2
1
1

---

0
1
1
0
0
1
1
1
1
1
0
1
1
0
1
0
0
0
0
0
1
1
1
1
1
1
0
0
0
0
0
1
0
0
1
1
1
1
1
0
0
1
0
0
0
0
0
0
0
0
0
0
1
1
1
1
0
1
1
1
1
1
0
0
1
1
1
1
1
1
1
0
0
0
0
1
1
0
0
1
1
1
1
1
1
0
0
1
1
0
1
0
0
0
1
1
0
1
1
0
0
0
0
0
0
1
1
0
0
0
0
0
0
1
1
1
1
0
0
1
0
0
0
0
1
0
0
0
0
0
1
0
0
0
0
0
0
1
0
0
1
1
0
0
0
1
0
0
0
0
1
0
0
0
0
0
0
1
0
0
0
0
1
1
0
0
1
1
0
0
0
1
1
1
0
1
1
1
0
0
0
0
0
1
0
0
1
1
1
1
1
1
0
1
1
1
0
1
1
1
1
0
1
1
1
1
0
0
1
1
1
1
1
1
1
0
0
1
1
1
1
1
0
0
1
0
0
0
0
0
0
0
1
1
0
0
0
0
0
0
0
0
1
1
1
0
0
1
1
1
1
1
1
0
0
0
1
1
1
1
1
0
0
0
1
1
1
1
1
0
0
0
0
1
1
1
1
1
1
1
1
0
0
0
1
1
0
1
0
0
0
0
0
0
1
1
1
1
0
0
0
1
0
1
1
0
1
1
1
0
0
0
0
0
0
0
0
1
1
1
1
0
0
0
1
1
1
0
1
0
0
1
1
1
1
1
1
1
1
0
0
1
1
1
1
0
1
0
1
0
0
0
1
1
0
0
0
1
0
0
0
0
0
0
1
1
1
1
1
1
1
1
0
0
0
0
1
1
0
1
1
0
0
0
0
1
1
1
1
1
0
0
0
0
1
0
1
1
1
1
1
1
0
1
1
1
0
0
1
1
1
1
1
1
0
0
1
0
0
0
0
0
1
1
1
1
1
1
1
1
0
1
1
1
0
0
0
0
1
0
0
1
1
1
1
1
0
0
0
1
1
1
1
1
0
0
0
0
0
0
0
1
0
1
1
1
1
1
1
0
0
1
1
1
1
1
1
1
1
1
1
1
1
1
1
1
0
0
0
0
0
0
1
0
0
1
1
1
1
1
1
1
1
1
1
0
1
1
1
1
1
0

N 3
C 300

0
2
0
2
3
0
1
0
2
0
2
3
2
0
1
1
1
2
0
1
3
3
1
1
0
2
2
1
0
0
1
3
3
0
0
2
1
2
3
3
3
1
0
0
3
1
3
1
1
0
0
2
2
0
1
2
2
3
3
0
2
2
1
2
2
3
3
0
2
0
3
1
0
3
1
3
2
0
1
2
0
0
0
0
3
2
0
3
1
1
1
1
1
3
1
2
2
2
0
2
1
1
1
3
3
2
2
2
2
0
2
3
2
1
0
2
3
1
2
1
0
2
3
1
2
3
3
0
1
2
3
3
1
3
3
3
3
0
2
1
3
3
1
2
0
0
0
3
0
1
3
1
3
1
3
1
0
0
1
3
1
1
1
3
1
3
3
1
0
2
2
0
3
1
3
2
1
1
1
0
0
0
1
1
2
3
3
1
3
1
3
3
1
1
0
3
2
2
2
3
2
0
1
1
1
0
0
0
2
1
0
0
3
1
0
1
2
2
3
1
1
2
0
0
3
3
0
1
0
0
1
2
3
2
0
0
3
3
0
1
0
0
0
2
0
3
2
3
2
2
3
1
0
3
2
2
0
3
1
2
1
3
0
2
3
0
0
0
3
3
1
3
2
1
1
1
0
0
3
1
1
3
0
3
2
2
3
3
3
1
0
2
3
1
0
1
0
2
2
1

---

0
0
2
2
1
1
1
2
2
1
1
0
0
2
2
0
1
2
1
1
2
2
2
0
1
1
0
2
0
0
0
1
1
1
1
1
0
1
0
0
0
0
1
1
1
1
2
2
0
1
1
1
0
2
2
0
2
1
1
1
1
0
2
0
2
1
1
1
1
0
0
0
1
1
1
2
2
1
1
2
1
1
1
1
1
1
0
0
0
1
2
0
1
2
2
0
2
1
0
0
2
0
1
2
2
2
1
0
2
1
1
0
0
2
0
0
2
2
0
2
0
0
2
2
0
2
2
2
2
0
2
2
2
0
0
0
0
0
0
2
0
0
0
1
0
0
0
0
0
0
1
1
2
2
0
0
1
1
1
2
2
0
1
2
2
0
0
0
1
1
0
2
2
2
0
0
2
0
1
2
2
2
2
0
1
0
0
0
1
1
2
2
2
0
1
1
1
0
2
1
1
0
0
1
2
0
0
0
0
2
0
0
0
0
1
1
2
1
0
0
1
2
1
1
1
1
1
1
2
2
2
0
2
2
1
1
1
1
1
1
2
2
2
2
1
1
1
0
0
2
1
1
2
2
2
1
0
0
0
1
0
1
1
1
0
0
0
0
0
0
0
1
1
0
1
2
0
0
0
0
1
2
2
2
2
1
0
0
0
0
1
1
0
0
1
1
2
2
1
0
