# Observer traversal vectors -- docs/Observers.md, reference observers 1 and 2.
#
# S <N> <pi(0)> .. <pi(N-1)>          pi(t) = t
# P <N> <seed> <pi(0)> .. <pi(N-1)>   seeded Fisher-Yates, seed hexadecimal
#
# Every row is a bijection of 0 .. N-1: that is O1, and it is the whole
# structural content of the observer contract.
#
# Generated by validation/gen_observer_vectors.py. Do not edit.

S 1 0
P 1 00000000 0
P 1 00000001 0
P 1 00000002 0
P 1 00000003 0
P 1 00000007 0
P 1 0000002A 0
P 1 00003039 0
P 1 9E3779B9 0
P 1 61C88647 0
P 1 DEADBEEF 0
P 1 FFFFFFFF 0
S 2 0 1
P 2 00000000 1 0
P 2 00000001 1 0
P 2 00000002 0 1
P 2 00000003 1 0
P 2 00000007 0 1
P 2 0000002A 1 0
P 2 00003039 0 1
P 2 9E3779B9 1 0
P 2 61C88647 1 0
P 2 DEADBEEF 0 1
P 2 FFFFFFFF 1 0
S 3 0 1 2
P 3 00000000 1 0 2
P 3 00000001 1 0 2
P 3 00000002 2 0 1
P 3 00000003 0 1 2
P 3 00000007 0 2 1
P 3 0000002A 2 1 0
P 3 00003039 0 2 1
P 3 9E3779B9 1 2 0
P 3 61C88647 1 2 0
P 3 DEADBEEF 0 2 1
P 3 FFFFFFFF 1 0 2
S 4 0 1 2 3
P 4 00000000 1 3 0 2
P 4 00000001 3 1 0 2
P 4 00000002 3 2 0 1
P 4 00000003 3 0 1 2
P 4 00000007 2 0 3 1
P 4 0000002A 1 3 2 0
P 4 00003039 2 0 3 1
P 4 9E3779B9 1 2 3 0
P 4 61C88647 1 3 2 0
P 4 DEADBEEF 0 3 2 1
P 4 FFFFFFFF 1 3 0 2
S 5 0 1 2 3 4
P 5 00000000 1 4 3 0 2
P 5 00000001 3 4 1 0 2
P 5 00000002 4 3 2 0 1
P 5 00000003 1 3 2 4 0
P 5 00000007 0 3 2 4 1
P 5 0000002A 1 4 2 3 0
P 5 00003039 2 3 0 4 1
P 5 9E3779B9 3 1 2 0 4
P 5 61C88647 1 3 4 2 0
P 5 DEADBEEF 0 4 2 3 1
P 5 FFFFFFFF 3 1 4 0 2
S 6 0 1 2 3 4 5
P 6 00000000 3 1 5 0 4 2
P 6 00000001 5 4 3 1 0 2
P 6 00000002 3 5 4 2 0 1
P 6 00000003 1 3 2 4 0 5
P 6 00000007 4 5 0 3 2 1
P 6 0000002A 1 5 2 4 3 0
P 6 00003039 2 0 3 5 4 1
P 6 9E3779B9 3 5 1 2 0 4
P 6 61C88647 1 4 3 5 2 0
P 6 DEADBEEF 0 5 4 2 3 1
P 6 FFFFFFFF 0 3 1 5 4 2
S 7 0 1 2 3 4 5 6
P 7 00000000 3 5 1 6 0 4 2
P 7 00000001 4 6 3 5 1 0 2
P 7 00000002 3 4 6 5 2 0 1
P 7 00000003 1 3 2 4 0 5 6
P 7 00000007 4 6 0 3 2 5 1
P 7 0000002A 5 1 6 4 2 3 0
P 7 00003039 2 0 3 6 4 5 1
P 7 9E3779B9 6 3 5 1 2 0 4
P 7 61C88647 3 1 5 6 4 2 0
P 7 DEADBEEF 0 6 4 5 2 3 1
P 7 FFFFFFFF 1 5 6 0 3 4 2
S 8 0 1 2 3 4 5 6 7
P 8 00000000 6 3 5 1 7 0 4 2
P 8 00000001 4 7 3 6 1 5 0 2
P 8 00000002 6 3 5 7 4 2 0 1
P 8 00000003 1 4 2 3 7 0 5 6
P 8 00000007 3 6 4 7 0 2 5 1
P 8 0000002A 4 1 7 6 5 2 3 0
P 8 00003039 2 0 3 7 6 4 5 1
P 8 9E3779B9 3 5 7 6 1 2 0 4
P 8 61C88647 3 5 1 6 7 4 2 0
P 8 DEADBEEF 0 4 7 6 5 2 3 1
P 8 FFFFFFFF 1 6 7 0 3 5 4 2
S 9 0 1 2 3 4 5 6 7 8
P 9 00000000 3 5 7 6 1 8 0 4 2
P 9 00000001 8 6 3 4 7 1 5 0 2
P 9 00000002 6 8 1 7 3 5 4 2 0
P 9 00000003 1 7 2 4 3 8 0 5 6
P 9 00000007 8 4 3 7 6 1 0 2 5
P 9 0000002A 1 5 0 7 4 6 2 3 8
P 9 00003039 2 0 3 1 7 6 8 4 5
P 9 9E3779B9 3 7 8 5 6 4 1 2 0
P 9 61C88647 6 3 5 1 7 8 4 2 0
P 9 DEADBEEF 4 0 6 8 1 5 7 2 3
P 9 FFFFFFFF 7 1 0 2 8 3 5 6 4
S 10 0 1 2 3 4 5 6 7 8 9
P 10 00000000 3 7 8 5 6 4 1 9 0 2
P 10 00000001 3 9 6 4 7 8 1 5 0 2
P 10 00000002 6 8 1 7 3 5 4 2 0 9
P 10 00000003 1 9 4 2 8 3 7 0 5 6
P 10 00000007 8 4 3 7 6 1 0 2 5 9
P 10 0000002A 1 5 0 9 4 6 2 7 3 8
P 10 00003039 2 0 3 1 7 6 8 4 5 9
P 10 9E3779B9 3 9 5 8 6 7 4 1 2 0
P 10 61C88647 3 5 7 6 1 8 9 4 2 0
P 10 DEADBEEF 4 0 6 8 1 5 7 2 3 9
P 10 FFFFFFFF 8 6 1 0 2 9 3 7 5 4
S 11 0 1 2 3 4 5 6 7 8 9 10
P 11 00000000 3 9 5 8 6 7 4 1 10 0 2
P 11 00000001 3 4 10 5 6 1 7 8 9 0 2
P 11 00000002 7 10 1 6 8 3 5 4 2 0 9
P 11 00000003 7 1 9 4 2 10 3 0 8 5 6
P 11 00000007 10 4 6 2 3 8 1 0 7 5 9
P 11 0000002A 2 5 1 6 9 4 10 0 7 3 8
P 11 00003039 3 0 2 6 1 8 7 10 4 5 9
P 11 9E3779B9 10 3 6 7 9 8 5 1 4 2 0
P 11 61C88647 3 7 8 5 6 4 1 9 10 2 0
P 11 DEADBEEF 4 0 6 10 1 5 8 7 2 3 9
P 11 FFFFFFFF 8 6 1 0 2 9 3 7 5 4 10
S 12 0 1 2 3 4 5 6 7 8 9 10 11
P 12 00000000 10 3 6 7 9 8 5 1 4 11 0 2
P 12 00000001 3 4 11 5 6 1 7 8 10 9 0 2
P 12 00000002 8 7 10 1 6 11 3 5 4 2 0 9
P 12 00000003 9 4 1 11 10 2 7 3 0 8 5 6
P 12 00000007 10 6 2 4 11 3 8 1 0 7 5 9
P 12 0000002A 2 6 1 9 10 5 4 11 0 7 3 8
P 12 00003039 8 7 3 0 2 6 1 11 10 4 5 9
P 12 9E3779B9 11 3 6 7 10 8 5 1 4 9 2 0
P 12 61C88647 3 9 5 8 6 7 4 1 10 11 2 0
P 12 DEADBEEF 6 0 4 8 10 1 5 7 11 2 3 9
P 12 FFFFFFFF 9 0 1 8 6 2 11 3 7 5 4 10
S 13 0 1 2 3 4 5 6 7 8 9 10 11 12
P 13 00000000 11 3 6 7 10 8 5 1 4 9 12 0 2
P 13 00000001 5 6 4 12 3 7 1 8 10 11 9 0 2
P 13 00000002 5 1 6 12 11 8 10 3 7 4 2 0 9
P 13 00000003 9 4 1 7 11 2 12 10 3 0 8 5 6
P 13 00000007 11 6 2 4 12 3 8 1 0 7 10 5 9
P 13 0000002A 2 6 1 9 11 5 4 12 0 7 10 3 8
P 13 00003039 12 3 10 2 7 1 6 0 8 11 4 5 9
P 13 9E3779B9 11 3 6 7 10 8 5 1 4 9 2 0 12
P 13 61C88647 10 3 6 7 9 8 5 1 4 11 12 2 0
P 13 DEADBEEF 7 4 6 0 8 12 11 1 5 10 2 3 9
P 13 FFFFFFFF 1 3 6 11 9 8 2 0 12 7 5 4 10
S 14 0 1 2 3 4 5 6 7 8 9 10 11 12 13
P 14 00000000 11 3 6 7 10 8 5 1 4 9 13 0 12 2
P 14 00000001 6 7 4 13 3 5 8 1 11 10 12 9 0 2
P 14 00000002 6 1 13 10 12 5 8 11 3 7 4 2 0 9
P 14 00000003 12 10 4 1 11 7 2 13 9 3 0 8 5 6
P 14 00000007 12 8 2 4 1 3 11 6 13 0 7 10 5 9
P 14 0000002A 2 6 1 9 12 5 4 13 0 7 11 10 3 8
P 14 00003039 10 3 11 2 7 1 6 0 8 13 12 4 5 9
P 14 9E3779B9 7 3 13 1 6 8 11 10 5 4 9 2 0 12
P 14 61C88647 11 3 6 7 10 8 5 1 4 9 12 13 2 0
P 14 DEADBEEF 12 13 6 7 1 4 0 8 10 5 11 2 3 9
P 14 FFFFFFFF 1 3 12 13 6 8 9 2 0 11 7 5 4 10
S 15 0 1 2 3 4 5 6 7 8 9 10 11 12 13 14
P 15 00000000 7 3 13 1 6 8 11 10 5 4 9 14 0 12 2
P 15 00000001 14 1 6 8 7 4 3 5 12 10 11 13 9 0 2
P 15 00000002 6 8 10 1 12 11 13 5 14 3 7 4 2 0 9
P 15 00000003 13 11 4 1 9 7 12 2 14 10 3 0 8 5 6
P 15 00000007 13 8 2 4 1 3 11 6 12 14 0 7 10 5 9
P 15 0000002A 6 2 14 1 11 13 5 4 9 0 7 12 10 3 8
P 15 00003039 11 3 12 2 7 1 6 0 8 10 14 13 4 5 9
P 15 9E3779B9 7 3 13 1 6 8 14 10 5 11 4 9 2 0 12
P 15 61C88647 11 3 6 7 10 8 5 1 4 9 13 14 12 2 0
P 15 DEADBEEF 13 10 6 7 1 4 0 8 11 14 5 12 2 3 9
P 15 FFFFFFFF 1 3 13 11 6 8 9 2 0 12 14 7 5 4 10
S 16 0 1 2 3 4 5 6 7 8 9 10 11 12 13 14 15
P 16 00000000 7 3 13 1 6 8 14 10 5 11 4 9 15 0 12 2
P 16 00000001 15 1 6 8 7 4 3 5 12 10 11 14 9 13 0 2
P 16 00000002 11 6 8 15 1 13 12 14 5 10 3 7 4 2 0 9
P 16 00000003 7 4 12 1 14 10 13 9 2 15 11 3 0 8 5 6
P 16 00000007 14 13 2 4 1 3 12 8 6 11 15 0 7 10 5 9
P 16 0000002A 4 15 2 1 11 14 6 9 5 12 0 7 13 10 3 8
P 16 00003039 3 7 13 12 2 10 1 6 0 8 11 15 14 4 5 9
P 16 9E3779B9 6 7 14 3 11 1 8 10 13 5 15 4 9 2 0 12
P 16 61C88647 7 3 13 1 6 8 11 10 5 4 9 14 15 12 2 0
P 16 DEADBEEF 14 6 7 8 1 11 4 0 10 12 15 5 13 2 3 9
P 16 FFFFFFFF 1 3 14 12 6 8 9 2 0 13 15 11 7 5 4 10
S 17 0 1 2 3 4 5 6 7 8 9 10 11 12 13 14 15 16
P 17 00000000 12 6 8 7 0 3 13 1 10 11 15 5 14 4 9 2 16
P 17 00000001 2 1 8 10 5 4 7 6 3 11 14 12 15 0 9 13 16
P 17 00000002 12 6 8 9 1 15 14 16 5 11 10 3 7 13 4 2 0
P 17 00000003 1 14 13 10 4 7 15 11 9 2 16 12 3 0 8 5 6
P 17 00000007 4 13 15 2 14 1 8 3 11 6 12 16 0 7 10 5 9
P 17 0000002A 4 8 2 1 11 16 6 9 5 13 0 7 12 14 10 15 3
P 17 00003039 3 7 16 14 2 11 1 6 0 8 10 15 9 12 5 13 4
P 17 9E3779B9 12 6 8 7 0 3 13 1 10 11 15 5 14 4 9 2 16
P 17 61C88647 7 3 13 1 6 8 14 10 5 11 4 9 15 16 12 2 0
P 17 DEADBEEF 16 7 0 12 1 13 6 4 8 10 14 11 9 5 15 2 3
P 17 FFFFFFFF 1 3 15 12 6 8 9 2 0 13 16 11 7 5 14 4 10
S 18 0 1 2 3 4 5 6 7 8 9 10 11 12 13 14 15 16 17
P 18 00000000 6 8 11 10 1 0 3 7 17 15 13 14 2 12 5 9 4 16
P 18 00000001 10 4 13 2 6 1 11 8 12 5 7 3 14 9 15 17 0 16
P 18 00000002 6 4 16 11 8 9 15 2 12 1 17 5 14 10 3 7 13 0
P 18 00000003 7 1 11 13 8 16 10 4 9 5 14 12 2 17 15 3 0 6
P 18 00000007 4 8 14 2 11 16 1 12 3 15 6 13 17 0 7 10 5 9
P 18 0000002A 1 8 13 6 4 17 2 16 9 11 5 14 0 7 12 15 10 3
P 18 00003039 3 17 7 15 11 2 14 1 6 0 8 10 16 9 12 5 13 4
P 18 9E3779B9 6 8 11 10 1 0 3 7 17 15 13 14 2 12 5 9 4 16
P 18 61C88647 12 6 8 7 17 3 13 1 10 11 15 5 14 4 9 2 16 0
P 18 DEADBEEF 17 7 0 12 1 13 6 4 8 10 14 11 9 5 16 15 2 3
P 18 FFFFFFFF 1 4 3 2 8 6 9 13 16 0 15 17 12 11 7 5 14 10
S 19 0 1 2 3 4 5 6 7 8 9 10 11 12 13 14 15 16 17 18
P 19 00000000 6 8 11 10 1 0 3 7 17 15 13 14 2 12 5 9 4 16 18
P 19 00000001 10 4 13 2 6 1 11 8 12 5 7 3 14 9 15 17 0 16 18
P 19 00000002 6 4 11 12 8 9 16 2 17 1 14 18 5 15 10 3 7 13 0
P 19 00000003 9 1 12 15 4 10 13 7 8 17 11 5 16 14 2 18 3 0 6
P 19 00000007 13 4 8 2 15 12 17 1 16 3 11 6 14 18 0 7 10 5 9
P 19 0000002A 1 8 14 6 4 18 2 17 9 16 5 11 13 0 7 12 15 10 3
P 19 00003039 3 16 18 17 7 1 15 2 11 6 0 8 10 14 9 12 5 13 4
P 19 9E3779B9 10 8 14 6 11 1 0 3 7 17 18 13 15 2 12 5 9 4 16
P 19 61C88647 6 8 11 10 1 18 3 7 17 15 13 14 2 12 5 9 4 16 0
P 19 DEADBEEF 15 5 14 13 11 18 0 7 1 4 10 9 6 12 8 16 17 2 3
P 19 FFFFFFFF 4 1 3 8 2 6 9 13 17 15 0 16 18 12 11 7 5 14 10
S 20 0 1 2 3 4 5 6 7 8 9 10 11 12 13 14 15 16 17 18 19
P 20 00000000 10 8 14 6 11 1 0 3 7 17 19 13 15 2 12 5 9 4 16 18
P 20 00000001 4 14 2 10 6 11 1 12 8 13 5 7 3 15 9 17 19 0 16 18
P 20 00000002 6 4 11 12 8 9 16 2 17 1 14 19 5 15 10 3 7 13 18 0
P 20 00000003 9 1 12 16 4 10 13 7 8 18 11 5 17 15 14 2 19 3 0 6
P 20 00000007 17 4 16 2 8 13 14 18 1 11 3 12 6 15 19 0 7 10 5 9
P 20 0000002A 1 6 9 8 16 4 19 2 13 18 14 5 11 12 17 0 7 15 10 3
P 20 00003039 3 17 19 18 7 1 11 2 16 14 6 0 8 10 15 9 12 5 13 4
P 20 9E3779B9 10 8 14 6 11 1 0 3 7 17 19 13 15 2 12 5 9 4 18 16
P 20 61C88647 6 8 11 10 1 19 3 7 17 15 13 14 2 12 5 9 4 16 18 0
P 20 DEADBEEF 5 16 14 17 15 0 11 19 7 8 1 4 10 9 13 6 12 18 2 3
P 20 FFFFFFFF 4 1 3 8 2 6 9 13 15 16 0 17 18 19 12 11 7 5 14 10
S 21 0 1 2 3 4 5 6 7 8 9 10 11 12 13 14 15 16 17 18 19 20
P 21 00000000 10 8 14 6 11 1 0 3 7 17 19 13 15 2 12 5 9 4 20 16 18
P 21 00000001 4 15 2 10 6 11 1 12 8 14 5 7 3 13 20 9 17 19 0 16 18
P 21 00000002 14 6 8 15 4 9 19 11 2 17 16 1 10 12 20 5 3 7 13 18 0
P 21 00000003 1 9 10 17 16 4 7 13 2 8 19 14 12 15 11 5 18 20 3 0 6
P 21 00000007 11 4 8 2 15 14 17 18 19 1 12 3 13 6 16 20 0 7 10 5 9
P 21 0000002A 1 6 9 8 17 4 20 2 14 19 18 5 11 13 12 16 0 7 15 10 3
P 21 00003039 3 20 7 18 19 11 1 17 15 2 16 9 6 0 8 10 14 12 5 13 4
P 21 9E3779B9 3 14 10 20 6 8 11 13 1 0 7 19 17 15 5 2 12 9 4 18 16
P 21 61C88647 10 8 14 6 11 1 20 3 7 17 19 13 15 2 12 5 9 4 16 18 0
P 21 DEADBEEF 5 16 14 17 15 0 11 20 7 8 1 4 10 9 13 6 12 19 18 2 3
P 21 FFFFFFFF 4 1 3 9 2 11 6 19 8 13 17 15 0 18 16 20 12 7 5 14 10
S 22 0 1 2 3 4 5 6 7 8 9 10 11 12 13 14 15 16 17 18 19 20 21
P 22 00000000 3 14 10 20 6 8 11 13 1 0 7 19 17 15 5 2 12 9 4 21 16 18
P 22 00000001 4 17 2 10 6 11 1 12 8 14 5 7 3 13 19 15 9 21 20 0 16 18
P 22 00000002 15 6 8 16 4 9 11 14 2 20 19 17 1 10 12 21 5 3 7 13 18 0
P 22 00000003 1 9 10 17 16 4 7 13 2 8 20 14 12 15 11 5 18 21 3 19 0 6
P 22 00000007 12 4 18 2 19 21 17 8 11 20 1 13 3 15 14 6 16 0 7 10 5 9
P 22 0000002A 1 6 9 8 18 4 21 2 14 20 17 5 19 11 13 12 16 0 7 15 10 3
P 22 00003039 3 20 7 18 19 11 1 17 15 2 16 9 6 0 8 10 14 12 5 13 4 21
P 22 9E3779B9 5 8 3 13 6 15 17 14 10 21 1 0 11 7 19 20 2 12 9 4 18 16
P 22 61C88647 10 8 14 6 11 1 21 3 7 17 19 13 15 2 12 5 9 4 20 16 18 0
P 22 DEADBEEF 5 17 15 19 16 0 11 21 7 8 1 4 10 9 14 13 6 12 20 18 2 3
P 22 FFFFFFFF 4 1 3 9 2 11 6 19 8 13 17 15 0 18 16 21 12 7 5 14 20 10
S 23 0 1 2 3 4 5 6 7 8 9 10 11 12 13 14 15 16 17 18 19 20 21 22
P 23 00000000 5 8 3 13 6 15 17 14 10 21 1 0 11 7 19 20 2 12 9 4 22 16 18
P 23 00000001 11 4 10 2 17 1 6 14 15 8 22 5 12 7 3 13 20 9 19 21 0 16 18
P 23 00000002 15 6 8 16 4 9 11 14 2 21 19 17 1 10 12 22 5 3 7 13 20 18 0
P 23 00000003 1 9 10 17 16 4 7 13 2 8 20 14 12 15 11 5 18 22 3 19 0 21 6
P 23 00000007 13 4 19 2 11 20 8 18 22 12 21 1 15 3 17 14 6 16 0 7 10 5 9
P 23 0000002A 21 1 9 22 19 8 6 2 4 20 14 18 5 17 11 13 12 16 0 7 15 10 3
P 23 00003039 22 19 3 18 7 17 16 1 20 11 2 15 9 6 0 8 10 14 12 5 13 4 21
P 23 9E3779B9 5 3 8 22 6 20 10 19 13 7 15 14 21 17 1 0 11 2 12 9 4 18 16
P 23 61C88647 3 14 10 20 6 8 11 13 1 22 7 19 17 15 5 2 12 9 4 21 16 18 0
P 23 DEADBEEF 5 17 15 19 16 0 11 22 7 8 1 4 10 9 14 13 6 12 20 21 18 2 3
P 23 FFFFFFFF 15 3 1 4 11 2 13 6 9 8 21 18 16 0 19 17 22 12 7 5 14 20 10
S 24 0 1 2 3 4 5 6 7 8 9 10 11 12 13 14 15 16 17 18 19 20 21 22 23
P 24 00000000 5 3 8 22 6 20 10 19 13 7 15 14 21 17 1 0 11 2 12 9 4 23 16 18
P 24 00000001 11 4 10 2 23 1 6 15 19 8 17 5 12 7 14 3 13 21 9 20 22 0 16 18
P 24 00000002 17 16 6 11 9 4 8 15 21 2 19 14 22 1 10 12 23 5 3 7 13 20 18 0
P 24 00000003 1 9 13 10 17 4 18 14 7 2 8 22 15 12 16 11 5 20 23 3 19 0 21 6
P 24 00000007 18 20 4 19 2 12 11 23 8 21 13 22 1 15 3 17 14 6 16 0 7 10 5 9
P 24 0000002A 22 1 9 23 20 8 6 2 4 18 14 21 19 5 17 11 13 12 16 0 7 15 10 3
P 24 00003039 20 7 22 3 11 1 17 0 19 18 15 23 2 8 9 6 16 10 14 12 5 13 4 21
P 24 9E3779B9 5 3 8 23 6 21 10 20 13 7 15 14 19 17 1 0 11 2 22 12 9 4 18 16
P 24 61C88647 5 8 3 13 6 15 17 14 10 21 1 23 11 7 19 20 2 12 9 4 22 16 18 0
P 24 DEADBEEF 11 13 19 16 23 17 20 15 5 0 14 7 8 1 4 10 9 6 12 21 22 18 2 3
P 24 FFFFFFFF 6 21 9 1 3 15 13 4 11 2 16 18 8 22 19 17 0 23 12 7 5 14 20 10
S 25 0 1 2 3 4 5 6 7 8 9 10 11 12 13 14 15 16 17 18 19 20 21 22 23 24
P 25 00000000 5 3 8 23 6 21 10 20 13 7 15 14 19 17 1 0 11 2 22 12 9 4 24 16 18
P 25 00000001 14 10 17 11 2 4 6 3 1 20 19 8 24 15 5 12 7 13 22 9 21 23 0 16 18
P 25 00000002 17 16 6 11 9 4 8 15 21 2 22 14 23 1 10 12 24 5 3 19 7 13 20 18 0
P 25 00000003 1 9 13 10 17 4 23 14 7 2 8 22 15 12 16 11 5 20 18 24 3 19 0 21 6
P 25 00000007 20 24 21 15 4 2 13 12 22 8 11 17 23 1 19 3 18 14 6 16 0 7 10 5 9
P 25 0000002A 22 1 9 23 20 8 6 2 4 18 14 21 19 5 17 11 13 12 16 0 7 15 10 3 24
P 25 00003039 0 7 23 24 3 18 1 11 20 22 15 17 19 2 8 9 6 16 10 14 12 5 13 4 21
P 25 9E3779B9 6 3 5 13 21 8 22 17 10 14 7 24 15 20 19 1 0 11 2 23 12 9 4 18 16
P 25 61C88647 5 3 8 22 6 20 10 19 13 7 15 14 21 17 1 24 11 2 12 9 4 23 16 18 0
P 25 DEADBEEF 11 13 19 16 24 17 20 15 5 0 14 7 8 1 4 10 9 6 12 22 23 21 18 2 3
P 25 FFFFFFFF 4 9 15 16 1 3 6 11 22 19 2 17 13 8 21 23 18 0 24 12 7 5 14 20 10
S 26 0 1 2 3 4 5 6 7 8 9 10 11 12 13 14 15 16 17 18 19 20 21 22 23 24 25
P 26 00000000 6 3 5 13 21 8 22 17 10 14 7 24 15 20 19 1 0 11 2 23 12 9 4 25 16 18
P 26 00000001 25 14 3 5 15 4 10 2 21 6 1 17 20 11 8 19 12 7 13 23 9 22 24 0 16 18
P 26 00000002 17 16 6 11 9 4 8 15 21 2 22 14 23 1 10 12 24 5 3 19 7 13 20 18 0 25
P 26 00000003 1 9 13 10 17 4 20 14 7 2 8 23 15 12 16 11 5 24 22 18 25 3 19 0 21 6
P 26 00000007 23 21 22 25 20 4 2 18 13 11 8 12 15 24 1 17 3 19 14 6 16 0 7 10 5 9
P 26 0000002A 25 21 22 1 23 2 8 9 6 4 14 17 19 20 5 18 11 13 12 16 0 7 15 10 3 24
P 26 00003039 0 7 23 24 3 18 1 11 20 22 15 17 19 2 8 9 6 16 10 14 12 5 13 4 21 25
P 26 9E3779B9 6 3 5 13 22 8 23 17 10 14 7 25 15 20 19 1 0 11 2 24 12 21 9 4 18 16
P 26 61C88647 5 3 8 23 6 21 10 20 13 7 15 14 19 17 1 25 11 2 22 12 9 4 24 16 18 0
P 26 DEADBEEF 11 13 19 16 24 17 20 15 5 0 14 7 8 1 4 10 9 6 12 22 23 21 18 2 3 25
P 26 FFFFFFFF 9 6 11 1 21 24 3 4 17 13 16 23 2 18 15 8 22 19 0 25 12 7 5 14 20 10
S 27 0 1 2 3 4 5 6 7 8 9 10 11 12 13 14 15 16 17 18 19 20 21 22 23 24 25 26
P 27 00000000 6 3 5 13 22 8 23 17 10 14 7 25 15 20 19 1 0 11 2 24 12 21 9 4 26 16 18
P 27 00000001 17 15 3 5 22 4 10 2 19 6 1 14 26 21 11 8 20 12 7 13 24 9 23 25 0 16 18
P 27 00000002 6 17 11 8 16 24 4 9 22 14 2 21 15 23 1 10 12 26 5 3 19 7 13 20 18 0 25
P 27 00000003 1 9 13 10 17 4 20 14 7 2 8 23 15 12 16 11 5 25 22 18 26 3 19 0 24 21 6
P 27 00000007 26 23 24 22 11 17 4 2 15 19 12 8 13 21 25 1 18 3 20 14 6 16 0 7 10 5 9
P 27 0000002A 25 22 19 1 18 2 8 9 6 4 26 20 23 17 14 21 5 11 13 12 16 0 7 15 10 3 24
P 27 00003039 0 7 24 22 19 1 26 3 11 23 20 15 9 17 18 2 8 6 16 10 14 12 5 13 4 21 25
P 27 9E3779B9 10 3 13 6 1 23 26 22 5 20 24 8 15 19 7 14 17 0 11 2 25 12 21 9 4 18 16
P 27 61C88647 6 3 5 13 21 8 22 17 10 14 7 24 15 20 19 1 26 11 2 23 12 9 4 25 16 18 0
P 27 DEADBEEF 19 14 13 17 26 20 22 16 5 0 15 11 7 8 1 4 10 9 6 12 23 24 21 18 2 3 25
P 27 FFFFFFFF 9 6 11 1 22 21 3 4 18 13 17 15 2 19 24 16 8 23 25 0 26 12 7 5 14 20 10
S 28 0 1 2 3 4 5 6 7 8 9 10 11 12 13 14 15 16 17 18 19 20 21 22 23 24 25 26 27
P 28 00000000 10 3 13 6 1 23 26 22 5 20 24 8 15 19 7 14 17 0 11 2 25 12 21 9 4 27 16 18
P 28 00000001 17 15 3 5 22 4 10 2 19 6 1 14 27 21 11 8 20 12 7 13 24 9 23 26 0 25 16 18
P 28 00000002 27 4 9 6 8 17 23 11 21 14 15 2 22 16 24 1 10 12 26 5 3 19 7 13 20 18 0 25
P 28 00000003 16 15 1 17 14 9 23 13 10 4 26 7 2 8 25 11 12 5 22 20 18 27 3 19 0 24 21 6
P 28 00000007 18 11 13 27 2 24 23 25 12 4 1 22 20 8 15 17 26 19 3 21 14 6 16 0 7 10 5 9
P 28 0000002A 19 26 1 8 27 20 23 2 9 6 4 25 17 22 18 14 21 5 11 13 12 16 0 7 15 10 3 24
P 28 00003039 0 7 27 23 11 1 20 3 22 24 26 15 19 9 18 17 2 8 6 16 10 14 12 5 13 4 21 25
P 28 9E3779B9 10 3 13 6 1 23 27 22 5 20 24 8 15 19 7 14 17 0 11 2 26 12 21 9 4 25 18 16
P 28 61C88647 6 3 5 13 22 8 23 17 10 14 7 25 15 20 19 1 27 11 2 24 12 21 9 4 26 16 18 0
P 28 DEADBEEF 15 23 17 19 14 26 13 22 20 5 0 16 11 7 8 1 4 10 9 6 12 24 27 21 18 2 3 25
P 28 FFFFFFFF 19 6 22 1 23 13 3 4 11 9 15 18 16 2 26 25 17 8 24 21 0 27 12 7 5 14 20 10
S 29 0 1 2 3 4 5 6 7 8 9 10 11 12 13 14 15 16 17 18 19 20 21 22 23 24 25 26 27 28
P 29 00000000 10 3 13 6 1 23 27 22 5 20 24 8 15 19 7 14 17 0 11 2 26 12 21 9 4 25 28 16 18
P 29 00000001 17 15 3 5 23 4 10 2 20 6 1 14 28 22 11 8 21 12 7 19 13 26 9 24 27 0 25 16 18
P 29 00000002 22 4 14 6 8 24 11 26 28 9 15 16 2 23 17 21 1 10 12 27 5 3 19 7 13 20 18 0 25
P 29 00000003 1 26 20 9 14 15 25 10 17 11 4 22 7 13 2 8 16 12 5 23 27 18 28 3 19 0 24 21 6
P 29 00000007 19 11 13 28 2 25 24 26 12 4 1 23 21 8 15 18 27 17 20 3 22 14 6 16 0 7 10 5 9
P 29 0000002A 19 27 1 8 28 20 23 2 9 6 4 25 17 22 18 14 21 5 11 13 12 16 0 7 15 10 26 3 24
P 29 00003039 0 22 1 26 3 23 11 24 27 7 28 15 20 19 18 17 9 2 8 6 16 10 14 12 5 13 4 21 25
P 29 9E3779B9 10 3 13 6 1 23 27 22 5 20 24 8 15 19 7 14 17 0 11 2 26 12 21 9 4 25 18 16 28
P 29 61C88647 10 3 13 6 1 23 26 22 5 20 24 8 15 19 7 14 17 28 11 2 25 12 21 9 4 27 16 18 0
P 29 DEADBEEF 22 1 14 16 13 20 19 27 23 24 5 0 17 11 7 8 15 4 10 9 6 12 28 26 21 18 2 3 25
P 29 FFFFFFFF 19 6 23 1 24 13 3 4 11 9 15 18 16 2 27 26 17 8 25 22 0 21 28 12 7 5 14 20 10
S 30 0 1 2 3 4 5 6 7 8 9 10 11 12 13 14 15 16 17 18 19 20 21 22 23 24 25 26 27 28 29
P 30 00000000 10 3 13 6 1 23 27 22 5 20 24 8 15 19 7 14 17 0 11 2 26 12 21 9 4 25 29 16 28 18
P 30 00000001 21 24 3 5 14 17 4 29 2 10 6 1 15 20 23 11 8 22 12 7 19 13 26 9 27 28 0 25 16 18
P 30 00000002 4 11 14 6 26 23 15 8 29 21 9 16 17 2 24 27 22 1 10 12 28 5 3 19 7 13 20 18 0 25
P 30 00000003 1 20 25 9 14 17 26 10 28 11 4 23 7 13 2 15 8 16 12 5 27 22 18 29 3 19 0 24 21 6
P 30 00000007 20 12 22 29 2 26 25 11 13 4 27 1 18 15 8 24 19 28 17 21 3 23 14 6 16 0 7 10 5 9
P 30 0000002A 29 28 9 8 23 1 2 21 25 20 6 14 4 19 27 18 17 22 5 11 13 12 16 0 7 15 10 26 3 24
P 30 00003039 29 27 23 19 24 0 1 3 22 15 26 28 7 20 11 18 17 9 2 8 6 16 10 14 12 5 13 4 21 25
P 30 9E3779B9 10 3 13 6 1 24 29 22 5 19 26 8 15 20 7 14 23 17 0 11 2 27 12 21 9 4 25 18 16 28
P 30 61C88647 10 3 13 6 1 23 27 22 5 20 24 8 15 19 7 14 17 29 11 2 26 12 21 9 4 25 28 16 18 0
P 30 DEADBEEF 19 1 14 16 13 29 20 28 24 22 5 0 23 11 7 8 15 17 4 10 9 6 12 26 27 21 18 2 3 25
P 30 FFFFFFFF 28 6 24 1 25 13 3 4 11 9 15 19 17 2 16 22 27 18 8 26 23 0 21 29 12 7 5 14 20 10
S 31 0 1 2 3 4 5 6 7 8 9 10 11 12 13 14 15 16 17 18 19 20 21 22 23 24 25 26 27 28 29 30
P 31 00000000 10 3 13 6 1 24 29 22 5 19 26 8 15 20 7 14 23 17 0 11 2 27 12 21 9 4 25 30 16 28 18
P 31 00000001 14 17 3 5 15 30 4 21 2 10 6 22 1 28 20 24 11 8 23 12 7 19 13 27 9 26 29 0 25 16 18
P 31 00000002 4 27 15 6 21 26 16 8 14 11 22 9 17 28 2 30 24 23 1 10 12 29 5 3 19 7 13 20 18 0 25
P 31 00000003 1 9 10 29 27 22 20 11 17 14 26 4 28 7 13 2 15 8 16 12 5 25 23 18 30 3 19 0 24 21 6
P 31 00000007 20 12 22 30 2 27 26 11 13 4 28 1 18 15 8 24 19 29 17 21 3 23 14 6 16 25 0 7 10 5 9
P 31 0000002A 14 29 22 27 25 19 6 9 30 4 20 17 2 21 8 28 1 18 23 5 11 13 12 16 0 7 15 10 26 3 24
P 31 00003039 30 28 23 20 3 26 0 1 27 15 22 24 17 7 29 11 19 18 9 2 8 6 16 10 14 12 5 13 4 21 25
P 31 9E3779B9 10 3 13 6 1 27 29 23 5 19 26 8 15 20 7 14 22 17 0 11 2 24 30 12 21 9 4 25 18 16 28
P 31 61C88647 10 3 13 6 1 23 27 22 5 20 24 8 15 19 7 14 17 30 11 2 26 12 21 9 4 25 29 16 28 18 0
P 31 DEADBEEF 19 1 14 16 13 26 20 29 24 22 5 0 23 11 7 8 15 17 4 10 9 6 12 27 28 30 21 18 2 3 25
P 31 FFFFFFFF 23 6 13 1 26 15 3 4 11 9 16 29 25 18 2 17 22 28 19 8 27 24 0 21 30 12 7 5 14 20 10
S 32 0 1 2 3 4 5 6 7 8 9 10 11 12 13 14 15 16 17 18 19 20 21 22 23 24 25 26 27 28 29 30 31
P 32 00000000 10 3 13 6 1 27 29 23 5 19 26 8 15 20 7 14 22 17 0 11 2 24 30 12 21 9 4 25 31 16 28 18
P 32 00000001 14 17 3 5 15 31 4 21 2 10 6 22 1 28 20 24 11 8 23 12 7 19 13 27 9 26 30 0 25 29 16 18
P 32 00000002 4 14 26 6 22 15 11 8 16 27 17 23 21 9 29 31 2 28 24 1 10 12 30 5 3 19 7 13 20 18 0 25
P 32 00000003 1 9 10 22 28 27 30 11 23 14 20 4 25 17 7 13 2 15 8 16 12 5 26 29 18 31 3 19 0 24 21 6
P 32 00000007 21 12 27 11 2 23 31 28 26 13 15 4 29 1 18 19 8 20 30 17 22 3 24 14 6 16 25 0 7 10 5 9
P 32 0000002A 18 14 29 9 6 30 21 28 20 25 4 23 17 2 22 8 27 1 19 31 5 11 13 12 16 0 7 15 10 26 3 24
P 32 00003039 26 29 23 20 3 27 0 1 28 15 22 24 17 7 30 11 19 18 9 2 8 6 16 10 14 31 12 5 13 4 21 25
P 32 9E3779B9 10 3 13 6 1 26 30 24 5 19 27 8 15 22 7 14 23 17 0 11 20 2 31 29 12 21 9 4 25 18 16 28
P 32 61C88647 10 3 13 6 1 24 29 22 5 19 26 8 15 20 7 14 23 17 31 11 2 27 12 21 9 4 25 30 16 28 18 0
P 32 DEADBEEF 13 16 1 8 27 30 14 23 7 22 26 20 24 5 0 19 11 15 17 4 10 9 6 12 28 29 31 21 18 2 3 25
P 32 FFFFFFFF 27 18 22 1 6 15 16 3 4 13 9 11 17 24 26 19 2 23 29 30 8 28 25 0 21 31 12 7 5 14 20 10
S 40 0 1 2 3 4 5 6 7 8 9 10 11 12 13 14 15 16 17 18 19 20 21 22 23 24 25 26 27 28 29 30 31 32 33 34 35 36 37 38 39
P 40 00000000 4 2 5 1 8 3 11 22 24 29 26 38 12 6 10 19 9 13 15 27 7 21 20 35 31 23 14 0 30 33 39 37 17 32 25 34 36 18 16 28
P 40 00000001 14 37 23 5 18 9 26 33 10 13 1 24 22 3 12 4 29 34 39 16 15 20 27 2 35 6 28 17 31 7 25 11 8 38 21 36 30 19 0 32
P 40 00000002 27 15 8 29 20 25 36 14 24 22 28 11 30 5 4 19 32 16 6 13 38 17 26 31 18 33 21 12 9 3 34 2 23 37 1 10 39 35 7 0
P 40 00000003 29 31 22 37 9 0 18 25 36 23 17 28 1 34 4 14 10 33 30 12 26 11 24 20 6 39 7 13 2 15 8 16 27 21 5 3 35 19 32 38
P 40 00000007 18 38 0 36 30 35 39 20 15 13 29 24 11 16 14 19 12 2 26 23 28 4 10 1 21 27 8 22 31 5 17 33 3 34 6 25 32 7 37 9
P 40 0000002A 10 36 9 6 8 7 3 14 17 29 34 4 12 37 39 19 2 32 38 1 18 25 23 22 20 21 30 27 33 5 28 11 13 16 0 15 26 31 35 24
P 40 00003039 12 21 32 35 20 17 4 34 1 16 27 3 38 0 26 19 33 37 23 7 15 6 11 31 28 29 30 18 9 22 24 2 8 39 10 14 5 13 36 25
P 40 9E3779B9 4 2 5 1 8 3 11 22 24 29 26 38 12 6 10 19 9 13 15 27 7 21 20 35 31 23 14 0 30 33 39 37 17 32 25 34 36 18 16 28
P 40 61C88647 4 2 5 1 8 3 11 22 24 29 26 37 12 6 10 19 9 13 15 27 7 21 20 35 31 23 14 39 30 33 38 36 17 32 25 34 18 16 28 0
P 40 DEADBEEF 2 13 19 26 39 36 1 8 5 38 14 25 0 27 7 32 12 22 35 28 16 20 11 23 33 15 17 4 10 9 30 29 6 24 21 18 37 31 34 3
P 40 FFFFFFFF 3 15 12 22 1 6 34 17 18 35 11 28 7 27 16 9 19 13 20 25 4 32 26 30 24 2 33 38 29 8 37 23 36 0 21 31 39 5 14 10
S 63 0 1 2 3 4 5 6 7 8 9 10 11 12 13 14 15 16 17 18 19 20 21 22 23 24 25 26 27 28 29 30 31 32 33 34 35 36 37 38 39 40 41 42 43 44 45 46 47 48 49 50 51 52 53 54 55 56 57 58 59 60 61 62
P 63 00000000 8 2 55 11 3 35 27 19 59 56 10 20 4 5 1 51 46 40 33 30 60 31 39 0 12 6 54 26 52 29 47 37 58 38 9 13 22 15 45 7 21 42 24 23 14 49 48 61 17 32 43 25 34 62 44 53 41 36 57 18 16 28 50
P 63 00000001 7 10 4 49 43 60 29 24 16 31 12 27 51 23 18 13 14 5 2 9 54 46 40 37 17 53 33 47 59 35 26 3 1 22 36 42 20 15 56 34 6 28 38 62 25 11 8 55 44 21 39 52 30 19 45 0 41 58 61 32 57 48 50
P 63 00000002 58 19 24 38 36 42 14 31 5 20 6 28 17 3 4 53 27 47 32 8 59 26 43 30 34 16 12 22 40 9 11 15 60 54 39 21 29 13 62 46 18 25 48 41 49 33 2 23 56 55 1 10 44 61 37 35 51 7 45 52 50 0 57
P 63 00000003 45 26 46 4 17 61 14 52 36 37 39 10 25 9 6 49 48 31 33 41 0 24 59 58 23 30 18 57 43 2 12 1 51 28 22 47 8 29 20 54 11 42 60 13 7 34 15 40 16 27 44 21 5 3 55 50 62 35 19 32 56 53 38
P 63 00000007 57 52 16 0 18 15 50 24 54 43 31 60 26 20 56 59 62 19 14 39 23 30 41 28 45 27 34 29 61 4 11 58 13 35 17 12 2 44 8 1 38 36 10 33 21 47 40 22 51 5 49 53 3 55 46 6 48 25 32 7 42 37 9
P 63 0000002A 46 48 29 32 45 34 11 8 37 60 22 10 58 50 3 61 52 56 23 18 25 38 7 40 9 6 19 36 4 41 14 12 55 20 51 1 17 2 62 57 33 21 53 28 59 47 49 27 30 54 5 43 13 44 16 0 39 15 42 26 31 35 24
P 63 00003039 43 57 26 0 16 12 51 6 56 40 28 1 4 33 20 23 21 9 55 19 30 46 35 7 47 17 29 27 60 3 58 59 32 42 37 31 50 45 52 39 15 61 11 34 54 49 24 18 41 22 2 8 62 38 48 10 14 44 5 13 36 53 25
P 63 9E3779B9 8 2 54 11 3 35 27 19 60 59 10 20 4 5 1 51 46 40 33 30 61 31 39 0 12 6 55 26 52 29 47 37 58 38 9 13 22 15 45 7 21 42 24 23 14 49 48 62 17 32 43 25 34 56 50 44 53 41 36 57 18 16 28
P 63 61C88647 8 2 30 10 3 42 51 58 45 11 52 4 5 1 40 19 20 39 27 59 29 38 62 12 6 49 31 33 46 56 35 26 37 9 13 22 15 54 7 21 55 24 23 14 48 47 60 17 32 43 25 34 61 44 53 41 36 57 18 16 28 50 0
P 63 DEADBEEF 39 55 40 19 32 36 1 28 8 37 22 48 54 56 33 61 62 2 35 41 17 26 52 58 46 49 25 13 5 12 0 27 45 23 38 14 47 7 51 11 10 16 20 43 53 15 4 42 9 30 29 6 44 24 50 60 21 18 59 31 34 3 57
P 63 FFFFFFFF 53 6 22 17 1 29 11 19 16 48 7 25 60 58 20 3 41 15 38 55 50 12 30 34 43 57 49 51 33 42 18 9 35 13 4 45 36 54 26 28 61 27 47 59 24 2 32 46 40 8 37 23 56 0 21 31 62 44 39 5 14 52 10
S 64 0 1 2 3 4 5 6 7 8 9 10 11 12 13 14 15 16 17 18 19 20 21 22 23 24 25 26 27 28 29 30 31 32 33 34 35 36 37 38 39 40 41 42 43 44 45 46 47 48 49 50 51 52 53 54 55 56 57 58 59 60 61 62 63
P 64 00000000 8 2 54 11 3 35 27 19 60 59 10 20 4 5 1 51 46 40 33 30 61 31 39 0 12 6 55 26 52 29 47 37 58 38 9 13 22 15 45 7 21 42 24 23 14 49 48 62 17 32 43 25 34 56 63 44 53 41 36 57 18 16 28 50
P 64 00000001 7 10 4 49 43 60 29 24 16 31 12 27 51 23 18 13 14 5 2 9 54 46 40 37 17 53 33 47 59 35 26 3 1 22 36 42 20 15 56 34 6 28 38 63 25 11 8 55 44 21 39 52 30 19 45 0 41 58 62 32 57 61 48 50
P 64 00000002 15 14 26 54 43 31 39 17 36 5 55 6 20 34 19 3 4 30 24 42 46 8 48 28 27 32 59 16 12 22 53 9 11 63 38 40 21 29 13 58 47 18 25 49 41 61 33 2 23 60 56 1 10 44 62 37 35 51 7 45 52 50 0 57
P 64 00000003 46 26 47 4 17 54 14 62 36 37 39 10 25 9 6 55 49 31 33 41 0 24 60 59 23 30 18 58 43 2 12 1 52 28 22 48 8 29 20 51 11 42 57 13 7 45 34 15 40 16 27 44 21 5 3 61 50 63 35 19 32 56 53 38
P 64 00000007 34 50 27 30 15 53 0 18 16 24 39 20 44 43 19 26 51 60 63 58 14 47 23 11 62 31 55 29 35 59 28 41 4 13 61 17 12 2 45 8 1 38 36 10 33 21 57 40 22 52 5 49 54 3 56 46 6 48 25 32 7 42 37 9
P 64 0000002A 47 61 22 41 62 29 11 8 38 32 23 10 46 51 3 36 53 40 57 49 18 52 25 7 34 9 6 19 37 4 59 14 12 56 20 54 1 17 2 63 58 33 21 45 28 60 48 50 27 30 55 5 43 13 44 16 0 39 15 42 26 31 35 24
P 64 00003039 43 58 26 0 16 12 51 6 56 40 28 1 4 33 20 23 21 9 55 19 30 46 35 7 47 17 29 27 61 3 59 60 32 42 37 31 50 45 52 39 15 62 11 34 54 49 24 18 41 22 2 8 63 38 48 10 14 57 44 5 13 36 53 25
P 64 9E3779B9 8 31 19 2 48 11 45 3 42 47 58 56 30 59 10 54 4 5 1 33 29 61 20 27 35 62 38 40 0 26 52 12 6 37 39 9 13 22 15 46 7 21 51 24 23 14 55 49 63 17 32 43 25 34 60 50 44 53 41 36 57 18 16 28
P 64 61C88647 8 2 55 11 3 35 27 19 59 56 10 20 4 5 1 51 46 40 33 30 60 31 39 63 12 6 54 26 52 29 47 37 58 38 9 13 22 15 45 7 21 42 24 23 14 49 48 61 17 32 43 25 34 62 44 53 41 36 57 18 16 28 50 0
P 64 DEADBEEF 41 35 40 63 37 58 1 55 8 33 38 56 49 59 22 45 62 19 2 36 48 17 27 26 51 47 28 32 25 13 5 12 0 46 23 39 14 53 7 52 11 10 16 20 43 54 15 4 42 9 30 29 6 44 24 50 61 21 18 60 31 34 3 57
P 64 FFFFFFFF 54 19 20 16 1 56 6 61 41 17 11 7 25 29 30 38 3 59 15 49 9 22 12 43 35 58 45 42 50 62 34 33 18 51 13 4 48 36 55 26 28 53 27 47 60 24 2 32 46 40 8 37 23 57 0 21 31 63 44 39 5 14 52 10
S 65 0 1 2 3 4 5 6 7 8 9 10 11 12 13 14 15 16 17 18 19 20 21 22 23 24 25 26 27 28 29 30 31 32 33 34 35 36 37 38 39 40 41 42 43 44 45 46 47 48 49 50 51 52 53 54 55 56 57 58 59 60 61 62 63 64
P 65 00000000 8 31 19 2 48 11 45 3 42 47 58 56 30 59 10 54 4 5 1 33 29 61 20 27 35 62 38 40 0 26 52 12 6 37 39 9 13 22 15 46 7 21 51 24 23 14 55 49 63 17 32 43 25 34 60 64 44 53 41 36 57 18 16 28 50
P 65 00000001 7 29 12 61 63 10 4 27 16 33 23 36 53 3 24 26 31 18 13 14 5 2 55 9 49 50 42 47 17 64 35 51 60 37 1 22 52 40 20 15 58 34 6 28 38 46 43 54 25 11 8 59 44 21 39 56 30 19 45 0 41 62 48 32 57
P 65 00000002 15 14 26 55 43 31 39 17 36 5 56 6 20 34 19 3 4 30 24 42 47 8 49 28 27 32 46 16 12 22 61 9 11 62 38 40 21 29 13 60 48 18 25 63 54 41 59 33 2 23 53 57 1 10 44 64 37 35 58 51 7 45 52 50 0
P 65 00000003 39 59 48 4 51 55 14 54 37 30 49 10 26 9 6 47 62 17 61 42 25 0 24 33 60 23 31 18 36 52 2 12 1 63 28 22 41 8 29 20 46 11 43 58 13 7 45 34 15 40 16 27 44 21 5 3 57 50 64 35 19 32 56 53 38
P 65 00000007 35 51 31 29 15 54 0 18 16 59 58 20 34 44 19 27 50 61 64 26 14 41 24 23 11 62 60 47 30 43 45 28 39 4 13 63 17 12 2 56 8 1 38 36 10 33 21 52 40 22 53 5 49 55 3 57 46 6 48 25 32 7 42 37 9
P 65 0000002A 36 48 34 60 29 37 50 8 23 58 32 40 11 10 25 52 3 54 41 62 22 18 47 55 7 63 9 6 19 38 4 53 14 12 57 20 45 1 17 2 64 59 33 21 46 28 61 49 51 27 30 56 5 43 13 44 16 0 39 15 42 26 31 35 24
P 65 00003039 43 59 26 0 16 12 51 6 56 40 28 1 4 33 20 23 21 9 55 19 30 46 35 7 47 17 29 27 62 3 60 61 32 42 37 31 50 45 52 39 15 63 11 34 54 49 24 18 41 22 2 8 64 38 48 10 14 58 57 44 5 13 36 53 25
P 65 9E3779B9 8 31 19 2 48 11 45 3 42 47 59 61 30 60 10 54 4 5 1 33 29 62 20 27 35 63 38 40 0 26 55 12 6 37 39 9 13 22 15 46 7 21 51 24 23 14 56 49 64 17 32 43 52 25 34 58 50 44 53 41 36 57 18 16 28
P 65 61C88647 8 2 54 11 3 35 27 19 60 59 10 20 4 5 1 51 46 40 33 30 61 31 39 64 12 6 55 26 52 29 47 37 58 38 9 13 22 15 45 7 21 42 24 23 14 49 48 62 17 32 43 25 34 56 63 44 53 41 36 57 18 16 28 50 0
P 65 DEADBEEF 41 35 40 58 37 59 1 55 8 33 38 56 49 60 22 45 63 19 2 36 48 17 27 26 51 47 28 32 25 13 5 12 0 46 23 39 14 53 7 52 11 10 16 20 43 54 15 4 42 9 30 29 6 44 24 50 62 64 21 18 61 31 34 3 57
P 65 FFFFFFFF 54 19 20 16 1 56 6 62 41 17 11 7 25 29 30 38 3 60 15 49 9 22 12 43 35 58 45 42 50 63 34 33 18 51 13 4 48 36 55 26 28 53 27 47 61 24 2 32 46 40 8 37 23 57 0 21 31 64 44 59 39 5 14 52 10
S 100 0 1 2 3 4 5 6 7 8 9 10 11 12 13 14 15 16 17 18 19 20 21 22 23 24 25 26 27 28 29 30 31 32 33 34 35 36 37 38 39 40 41 42 43 44 45 46 47 48 49 50 51 52 53 54 55 56 57 58 59 60 61 62 63 64 65 66 67 68 69 70 71 72 73 74 75 76 77 78 79 80 81 82 83 84 85 86 87 88 89 90 91 92 93 94 95 96 97 98 99
P 100 00000000 31 86 9 67 3 29 87 68 0 49 66 51 56 19 65 14 75 96 76 69 4 97 40 2 38 27 26 60 80 10 74 42 85 88 5 23 93 63 70 45 92 91 8 35 1 11 21 82 12 83 46 79 36 37 33 54 62 15 84 20 30 7 95 25 94 48 59 47 39 64 72 6 77 73 13 22 71 58 61 52 24 99 90 78 81 98 17 32 43 55 89 34 53 44 41 57 18 16 28 50
P 100 00000001 23 27 24 21 7 4 32 79 86 31 56 46 42 61 36 89 60 54 25 69 76 29 72 16 10 59 90 9 99 17 88 35 70 77 13 1 50 92 15 19 82 53 78 12 33 11 44 55 3 95 5 81 66 84 68 91 58 18 45 14 37 2 67 98 26 80 73 22 94 71 93 65 74 51 20 87 40 97 47 52 49 34 6 28 38 62 43 39 75 8 64 85 30 83 0 63 41 48 96 57
P 100 00000002 51 13 80 19 15 55 50 85 26 65 20 95 96 14 91 83 79 23 99 70 61 28 76 11 41 27 22 84 5 46 69 58 17 9 7 60 42 72 24 56 82 75 32 45 59 39 47 78 81 57 31 4 67 40 37 49 6 33 29 3 36 62 68 30 43 90 8 12 16 86 34 88 54 73 92 53 98 2 21 48 38 77 97 89 18 25 63 93 94 66 87 10 1 74 44 64 35 71 52 0
P 100 00000003 68 34 67 52 28 57 24 9 36 93 20 46 60 84 63 90 92 4 59 47 30 5 91 87 26 6 27 2 66 70 61 65 49 48 10 64 23 82 37 76 88 41 79 29 73 95 14 78 18 71 39 75 72 58 54 77 16 56 25 17 33 86 0 32 51 98 97 55 12 43 74 31 44 1 81 42 22 89 8 85 11 94 83 99 13 7 45 15 40 80 21 69 3 50 62 35 19 96 53 38
P 100 00000007 44 36 86 37 0 15 51 29 45 60 89 53 34 99 31 5 97 8 10 98 19 78 35 48 16 20 77 55 64 90 80 96 42 49 24 94 56 7 18 52 92 91 83 87 75 61 47 26 27 82 39 41 1 14 33 58 66 23 11 76 67 54 81 30 73 4 28 85 68 43 13 84 62 17 12 79 2 50 57 63 72 65 38 59 74 21 88 40 22 70 69 93 3 95 46 6 25 32 71 9
P 100 0000002A 49 83 71 46 22 92 55 76 8 40 36 67 11 84 61 70 23 66 95 78 93 88 32 73 39 72 62 90 98 94 38 44 19 89 1 34 69 74 47 56 13 10 37 3 57 25 18 48 53 9 29 7 41 6 30 97 51 68 4 75 14 12 0 43 20 86 59 65 17 2 45 99 15 33 50 21 85 63 82 81 28 54 96 52 87 58 80 27 91 5 77 16 64 60 79 42 26 31 35 24
P 100 00003039 11 74 88 16 92 78 64 21 73 17 29 81 32 68 12 76 70 98 69 66 65 28 33 77 52 94 47 35 79 40 20 53 82 26 1 48 51 0 93 34 8 85 39 97 6 90 30 58 46 44 49 4 43 63 23 71 9 62 54 42 67 80 19 37 27 45 7 24 60 50 3 59 96 86 55 83 31 91 61 84 99 15 38 75 87 18 41 22 56 2 72 89 10 14 95 57 5 13 36 25
P 100 9E3779B9 31 87 9 66 3 29 88 69 0 67 60 80 63 19 49 14 76 97 72 42 4 98 65 2 38 27 26 79 85 10 75 91 86 94 5 23 45 70 68 51 40 56 92 8 35 1 11 21 83 12 62 46 93 36 37 33 54 77 15 82 20 30 7 96 25 95 48 59 47 39 64 74 6 84 73 13 22 71 58 61 52 24 50 90 78 81 99 17 32 43 55 89 34 53 44 41 57 18 16 28
P 100 61C88647 31 85 9 67 3 29 86 68 99 49 66 51 56 19 65 14 74 95 75 69 4 96 40 2 38 27 26 60 79 10 73 42 84 87 5 23 92 63 70 45 91 90 8 35 1 11 21 83 12 77 46 82 36 37 33 54 62 15 80 20 30 7 94 25 93 48 59 47 39 64 72 6 76 13 22 71 58 61 52 24 98 88 78 81 97 17 32 43 55 89 34 53 44 41 57 18 16 28 50 0
P 100 DEADBEEF 11 94 55 68 89 7 28 20 38 65 78 37 60 26 21 36 66 92 27 45 69 61 91 58 22 72 62 83 2 99 86 35 47 54 9 16 23 51 33 96 1 43 56 32 81 8 19 63 10 17 29 40 97 41 39 82 25 12 98 13 3 79 93 46 48 49 0 87 5 77 64 59 84 76 14 71 70 90 75 74 52 53 80 24 15 4 42 73 30 6 44 88 50 34 85 18 95 31 67 57
P 100 FFFFFFFF 95 24 43 32 17 54 15 35 0 56 63 49 61 83 22 79 19 13 71 75 7 82 14 42 45 8 96 67 33 81 58 38 88 53 65 6 11 37 48 86 16 31 39 46 4 84 70 98 1 34 47 25 40 85 41 51 9 90 30 29 91 20 76 73 89 28 3 80 87 12 50 26 97 55 18 77 68 66 59 36 92 74 57 27 69 93 2 62 72 23 94 64 21 60 99 44 5 78 52 10
S 128 0 1 2 3 4 5 6 7 8 9 10 11 12 13 14 15 16 17 18 19 20 21 22 23 24 25 26 27 28 29 30 31 32 33 34 35 36 37 38 39 40 41 42 43 44 45 46 47 48 49 50 51 52 53 54 55 56 57 58 59 60 61 62 63 64 65 66 67 68 69 70 71 72 73 74 75 76 77 78 79 80 81 82 83 84 85 86 87 88 89 90 91 92 93 94 95 96 97 98 99 100 101 102 103 104 105 106 107 108 109 110 111 112 113 114 115 116 117 118 119 120 121 122 123 124 125 126 127
P 128 00000000 109 2 70 8 26 19 84 35 124 119 107 10 29 27 74 112 95 31 94 0 111 7 3 113 75 98 66 4 14 62 125 9 106 20 60 67 102 68 115 38 123 122 56 82 49 116 63 51 93 103 91 83 40 110 72 104 120 5 23 45 1 54 80 69 42 77 11 92 65 21 12 46 36 37 33 101 15 105 30 97 25 121 48 59 47 39 64 90 76 6 99 86 73 13 22 79 108 71 85 58 61 88 52 24 87 127 118 78 96 81 126 17 32 43 55 89 34 53 114 44 117 41 100 57 18 16 28 50
P 128 00000001 9 35 105 78 97 127 55 36 7 71 117 98 61 111 69 56 24 21 29 107 25 119 31 16 53 100 2 23 4 84 80 50 95 60 42 81 37 82 73 54 32 27 74 58 17 10 46 77 124 104 88 67 13 1 68 115 15 19 101 70 122 12 33 11 44 76 123 3 5 59 113 110 45 18 14 66 116 120 26 72 93 99 90 22 118 87 102 65 86 91 51 20 106 79 40 92 121 47 52 49 34 6 28 38 62 43 39 89 75 8 64 108 85 103 94 30 83 109 0 63 41 48 126 96 57 125 112 114
P 128 00000002 50 68 59 15 86 110 14 65 19 26 41 84 85 78 98 72 79 89 104 58 51 36 123 13 69 45 42 28 113 55 95 47 23 11 126 20 90 112 119 27 67 120 22 103 5 92 29 17 46 9 7 94 62 88 37 57 24 61 6 118 60 40 32 39 106 96 102 56 33 31 4 82 49 70 3 81 83 30 43 91 8 76 12 16 108 34 80 107 54 73 75 127 100 53 124 2 21 48 93 38 77 122 111 18 25 63 116 117 105 125 97 66 87 10 99 1 74 44 64 101 35 115 71 109 52 114 0 121
P 128 00000003 64 113 4 28 74 49 100 57 115 2 46 66 116 110 9 61 106 73 87 86 16 75 52 41 97 26 48 68 71 90 78 81 63 14 6 30 67 117 20 24 60 76 27 109 72 5 32 47 118 104 112 34 95 79 88 56 89 83 70 18 36 10 101 23 37 124 111 29 65 122 58 59 39 94 54 25 17 33 125 0 51 126 123 55 12 82 43 77 99 31 44 1 85 103 42 92 22 121 8 93 84 107 11 119 105 127 13 7 45 98 15 40 80 91 108 21 69 3 50 62 114 102 35 19 96 120 53 38
P 128 00000007 96 87 114 45 58 103 7 41 76 123 27 51 107 86 37 73 30 0 99 15 64 122 91 47 110 80 39 124 83 48 5 116 31 93 14 127 56 125 44 88 34 8 10 19 92 52 98 90 16 20 84 29 11 49 117 36 82 102 119 105 24 35 55 79 60 53 18 77 67 42 115 61 66 111 33 26 104 1 78 81 23 75 108 54 89 94 4 28 109 68 43 13 95 62 17 12 126 2 50 85 57 63 72 65 38 59 100 74 97 21 121 40 22 70 69 113 118 3 120 46 6 112 25 32 71 106 101 9
P 128 0000002A 88 87 11 102 22 18 72 53 97 117 56 84 95 91 89 75 66 10 121 125 55 86 83 43 23 25 8 14 120 38 46 73 36 3 69 30 96 122 61 0 113 68 62 57 32 126 81 48 101 19 114 1 40 44 100 49 85 39 123 34 93 71 76 110 116 90 13 37 67 82 112 47 74 98 70 9 29 7 115 41 6 51 92 4 99 78 12 119 20 104 59 65 17 2 45 127 15 33 50 21 109 63 106 105 28 54 124 52 111 58 80 27 94 118 5 107 77 108 16 64 103 60 79 42 26 31 35 24
P 128 00003039 99 48 33 0 28 63 58 97 49 17 53 47 16 83 126 95 109 90 76 118 74 44 103 66 35 101 19 42 93 9 69 87 116 12 100 40 92 79 21 39 114 11 29 115 125 62 6 85 70 78 106 34 96 84 65 94 68 80 8 20 32 67 26 1 71 51 64 119 52 124 91 30 46 122 4 43 81 23 73 120 54 37 27 82 45 7 24 60 50 3 59 123 77 110 55 104 86 31 113 61 107 127 15 38 75 98 105 111 88 18 41 22 56 2 72 89 102 112 10 14 121 57 108 5 13 36 117 25
P 128 9E3779B9 82 2 70 8 26 19 99 35 125 120 97 10 29 27 75 113 72 31 95 0 112 7 3 119 116 92 66 4 14 62 126 9 107 20 60 67 103 68 90 38 124 101 56 83 49 121 63 51 94 104 105 84 40 111 93 102 118 5 23 45 1 54 110 69 42 108 11 74 65 21 12 80 46 36 37 33 77 15 106 30 98 25 122 48 59 47 39 64 91 76 6 123 86 73 13 22 79 109 71 85 58 61 88 52 24 87 50 115 78 96 81 127 17 32 43 55 89 34 53 114 44 117 41 100 57 18 16 28
P 128 61C88647 108 2 70 8 26 19 84 35 123 118 106 10 29 27 74 111 95 31 94 127 110 7 3 112 75 97 66 4 14 62 124 9 105 20 60 67 101 68 119 38 122 99 56 82 49 115 63 51 93 102 91 83 40 109 72 103 116 5 23 45 1 54 80 69 42 77 11 92 65 21 12 46 36 37 33 121 15 104 30 107 25 120 48 59 47 39 64 90 76 6 98 86 73 13 22 79 71 85 58 61 88 52 24 87 126 113 78 96 81 125 17 32 43 55 89 34 53 114 44 117 41 100 57 18 16 28 50 0
P 128 DEADBEEF 22 115 113 16 36 90 102 61 37 20 11 21 40 119 43 111 116 86 45 51 89 72 23 63 38 126 121 114 2 7 103 27 122 56 105 55 81 26 106 79 125 33 35 66 99 69 91 94 8 123 96 104 28 124 62 112 54 47 9 109 120 12 127 78 19 58 65 1 60 32 82 10 17 29 41 39 25 76 83 13 3 97 46 48 49 0 118 77 68 92 5 101 64 59 110 87 100 14 108 71 70 117 75 74 52 53 80 84 107 24 15 4 42 73 30 93 6 44 88 50 34 85 18 95 31 98 67 57
P 128 FFFFFFFF 17 82 100 42 81 123 122 105 38 61 107 33 65 20 19 4 14 53 94 102 124 15 97 22 0 9 32 63 7 87 54 80 24 43 13 91 49 126 116 58 8 99 46 75 117 85 71 79 86 35 48 6 45 106 11 37 67 113 108 51 47 16 31 39 56 70 84 1 34 25 40 125 41 83 114 30 29 89 115 28 3 98 109 73 12 76 50 26 112 55 93 18 119 77 68 66 59 36 118 90 92 74 57 27 111 69 120 88 2 62 96 110 104 72 101 23 121 64 21 95 60 127 44 103 5 78 52 10
S 255 0 1 2 3 4 5 6 7 8 9 10 11 12 13 14 15 16 17 18 19 20 21 22 23 24 25 26 27 28 29 30 31 32 33 34 35 36 37 38 39 40 41 42 43 44 45 46 47 48 49 50 51 52 53 54 55 56 57 58 59 60 61 62 63 64 65 66 67 68 69 70 71 72 73 74 75 76 77 78 79 80 81 82 83 84 85 86 87 88 89 90 91 92 93 94 95 96 97 98 99 100 101 102 103 104 105 106 107 108 109 110 111 112 113 114 115 116 117 118 119 120 121 122 123 124 125 126 127 128 129 130 131 132 133 134 135 136 137 138 139 140 141 142 143 144 145 146 147 148 149 150 151 152 153 154 155 156 157 158 159 160 161 162 163 164 165 166 167 168 169 170 171 172 173 174 175 176 177 178 179 180 181 182 183 184 185 186 187 188 189 190 191 192 193 194 195 196 197 198 199 200 201 202 203 204 205 206 207 208 209 210 211 212 213 214 215 216 217 218 219 220 221 222 223 224 225 226 227 228 229 230 231 232 233 234 235 236 237 238 239 240 241 242 243 244 245 246 247 248 249 250 251 252 253 254
P 255 00000000 151 168 66 29 136 254 236 195 163 90 120 40 32 19 246 56 115 6 212 95 232 155 102 53 242 123 128 81 49 154 68 224 196 164 26 126 205 106 93 78 132 14 63 225 166 65 17 91 149 3 87 97 207 139 54 31 243 35 89 247 176 0 111 94 80 252 208 226 107 147 119 33 221 184 204 138 30 169 105 62 45 72 46 201 51 47 60 148 43 74 238 194 233 146 251 101 157 108 245 8 144 193 131 69 1 2 82 112 235 130 122 159 191 192 237 150 12 10 34 188 27 249 113 218 103 135 241 83 250 137 219 152 203 67 20 39 220 4 185 222 239 85 7 197 200 244 142 61 179 9 177 223 173 92 133 28 214 70 38 172 116 77 229 240 141 88 42 109 180 190 23 210 5 129 118 25 187 170 198 202 182 11 104 37 98 99 75 21 140 174 36 227 100 165 161 143 127 15 231 84 158 71 211 153 248 48 59 175 167 64 230 121 76 134 110 58 125 86 73 13 22 79 234 199 213 186 189 216 52 24 215 178 183 206 96 124 209 253 145 160 171 55 217 162 181 114 44 117 41 228 57 18 16 156 50
P 255 00000001 232 2 88 76 189 95 60 175 66 233 137 202 134 215 82 34 35 165 153 9 251 56 118 15 126 23 31 243 79 145 127 212 13 173 152 183 54 206 253 130 230 73 7 17 199 184 85 245 198 149 147 178 104 141 190 91 188 71 24 151 174 10 252 51 40 142 43 221 135 27 247 81 117 59 219 163 132 84 124 180 225 42 77 26 121 224 50 228 210 55 161 29 33 32 44 16 98 48 157 4 239 107 49 25 109 108 182 209 100 123 21 125 208 140 11 229 196 205 159 68 53 41 12 234 20 158 93 254 63 37 164 241 119 89 58 90 195 103 46 136 139 143 246 80 170 36 144 1 197 87 238 138 186 227 106 185 131 67 181 146 69 120 160 155 78 111 70 116 250 74 110 211 201 61 244 97 235 129 133 242 19 204 222 75 172 200 223 3 105 5 115 187 38 192 214 45 18 14 101 194 150 248 154 72 102 226 216 22 0 65 28 122 99 193 86 218 179 92 148 39 207 168 220 249 47 52 177 162 6 156 166 113 62 171 167 217 203 8 64 236 213 231 94 30 83 237 128 191 169 176 112 96 57 240 114
P 255 00000002 75 104 165 223 247 53 196 36 39 217 252 133 190 41 61 182 79 16 105 73 18 65 67 229 19 231 188 156 82 112 50 58 125 52 184 46 238 225 92 195 94 186 202 81 143 62 29 89 64 28 235 141 222 8 14 24 25 72 175 162 59 69 137 90 219 160 142 244 15 135 127 111 185 120 4 78 9 37 187 80 139 83 49 154 210 27 51 23 42 119 174 134 209 170 239 118 85 63 178 249 107 254 236 246 173 1 55 13 147 3 60 220 248 6 47 151 200 148 26 11 253 108 31 106 169 84 234 212 166 33 110 32 130 68 98 102 206 22 116 95 57 48 157 45 17 198 207 86 91 138 183 218 87 0 216 20 164 204 155 88 43 35 150 228 5 158 193 145 7 126 224 96 189 168 152 179 124 40 167 194 103 21 227 56 161 211 159 132 12 245 177 123 70 221 131 100 197 214 30 171 213 226 136 76 140 144 230 34 208 172 54 201 203 241 205 181 251 250 2 149 176 93 38 77 199 113 232 237 146 153 191 242 117 243 233 240 97 66 215 10 99 129 74 44 192 101 163 122 115 71 109 180 114 128 121
P 255 00000003 132 88 99 20 12 133 168 138 170 25 148 176 189 119 201 207 113 151 70 43 180 117 159 216 137 5 49 66 101 115 213 39 111 75 162 79 149 34 147 107 41 2 178 10 199 27 4 240 204 214 93 243 196 127 222 219 174 76 29 121 238 183 215 1 48 146 32 124 252 241 193 60 232 97 109 46 141 126 234 169 206 77 83 154 0 65 160 203 3 233 118 156 110 81 14 9 172 194 52 179 235 192 47 247 161 136 68 61 197 182 249 152 230 254 26 177 245 175 195 184 67 28 106 16 209 158 130 220 164 253 30 144 242 37 74 73 143 188 185 104 112 225 191 90 6 198 11 94 155 86 211 56 64 87 142 134 36 244 251 24 145 59 239 223 103 202 229 58 210 226 63 200 57 212 18 100 23 165 22 237 105 71 157 125 35 78 72 82 186 95 187 167 217 108 89 54 80 153 17 33 173 128 96 51 181 250 218 55 140 171 205 246 31 44 129 85 228 42 92 150 227 8 122 221 84 120 7 139 62 231 116 166 13 135 45 98 15 40 208 91 236 21 123 69 131 50 190 114 102 163 19 224 248 53 38
P 255 00000007 109 125 48 64 185 156 78 167 147 176 106 0 207 99 199 7 102 40 25 237 212 157 95 112 24 37 91 3 51 205 27 127 123 209 192 188 30 76 138 41 29 173 55 124 217 158 15 134 72 121 96 47 132 105 253 243 148 202 221 214 98 208 191 20 45 219 142 118 116 43 36 254 141 187 186 42 126 189 161 111 103 77 81 44 223 136 11 172 246 133 10 104 165 210 218 236 90 128 68 73 230 155 160 119 52 152 60 56 252 182 180 233 220 146 213 179 198 53 204 231 195 135 79 86 183 251 175 89 242 23 80 206 159 114 110 39 227 163 190 169 82 162 225 2 241 5 250 117 49 143 87 249 58 19 239 215 67 144 69 193 31 184 66 229 14 137 34 8 83 222 115 178 129 107 16 84 93 139 177 244 164 46 232 88 35 26 92 108 181 18 201 120 170 248 61 194 238 211 33 154 166 1 235 203 122 151 75 224 226 54 216 94 17 4 28 21 196 171 13 140 62 145 12 228 130 50 85 57 63 200 65 38 59 100 74 97 149 22 168 150 70 197 113 245 131 247 174 6 240 153 32 71 234 101 9
P 255 0000002A 68 134 226 92 211 105 248 215 122 123 99 91 109 18 202 194 247 174 153 204 111 159 8 106 150 63 208 69 241 119 237 74 57 112 196 189 32 214 118 166 216 213 100 79 83 146 85 192 136 157 222 190 228 126 37 72 142 75 172 201 212 243 13 254 62 238 252 3 144 9 23 76 11 81 164 209 36 14 102 184 61 242 28 171 25 253 4 234 197 5 86 235 176 140 158 33 220 206 71 160 56 46 87 198 236 177 139 30 148 183 2 249 116 195 218 22 73 88 185 188 104 40 128 147 90 232 84 114 113 41 0 138 210 135 15 229 97 151 19 47 38 149 178 121 120 10 98 51 44 182 55 162 129 167 131 227 43 239 115 221 48 53 219 110 240 224 125 101 199 181 96 163 65 203 205 1 168 244 250 49 52 39 170 34 66 93 200 187 141 165 67 217 45 89 175 82 223 70 137 29 7 233 169 6 95 179 17 132 225 78 12 246 20 230 127 59 193 145 130 173 152 143 161 50 124 21 58 191 251 231 156 54 154 180 27 186 117 80 155 94 245 133 107 77 108 16 64 103 60 207 42 26 31 35 24
P 255 00003039 62 102 146 241 74 93 121 105 208 242 49 83 223 174 101 244 81 253 124 23 212 162 137 61 235 24 168 221 232 54 31 51 180 214 97 0 59 119 1 138 218 110 122 29 166 11 20 94 193 112 15 147 53 80 70 56 104 190 71 215 88 17 128 33 173 135 64 26 144 91 209 129 134 176 207 44 28 4 63 186 79 35 243 188 195 114 198 78 107 47 16 213 197 164 163 233 39 8 191 196 161 210 224 58 183 87 220 204 9 202 40 34 200 117 177 27 67 140 66 165 32 14 116 148 100 123 19 145 167 48 139 234 12 92 192 95 172 181 175 254 156 154 179 42 238 21 222 247 149 236 251 206 228 76 225 111 160 194 85 227 6 75 43 157 3 252 90 205 69 170 130 115 229 118 136 84 96 65 158 68 246 211 219 52 13 250 30 46 249 50 113 132 171 201 151 199 73 185 182 106 89 37 155 82 45 7 152 60 178 131 187 98 125 99 5 77 127 169 55 231 86 159 109 239 189 150 153 103 143 126 38 203 226 237 216 18 41 22 184 2 72 217 230 240 120 10 142 248 57 108 133 141 36 245 25
P 255 9E3779B9 152 169 66 29 137 50 210 144 164 90 149 40 32 19 247 56 115 6 225 95 184 238 102 53 218 236 132 81 49 214 68 135 128 147 26 197 234 106 93 78 155 14 63 187 237 65 17 91 150 3 87 97 176 227 54 31 163 35 89 248 177 0 111 94 80 253 168 208 107 148 119 33 222 185 205 139 30 179 105 62 45 72 46 202 51 47 60 122 43 74 146 244 207 196 252 101 201 108 246 8 239 166 130 69 1 2 82 112 192 131 123 240 126 193 157 151 12 10 34 194 120 27 229 113 219 103 136 242 83 251 138 220 204 154 67 20 39 221 4 226 223 195 85 7 198 159 182 142 61 180 9 241 200 190 92 133 28 231 70 38 173 116 77 230 172 141 88 42 109 245 191 23 211 5 129 118 25 188 170 224 203 233 11 104 37 98 99 75 21 140 174 36 243 100 165 161 143 127 15 232 84 158 71 212 153 249 48 59 175 167 64 250 121 76 134 110 58 125 86 73 13 22 79 235 199 213 186 189 216 52 24 215 178 183 206 96 124 209 254 145 160 171 55 217 162 181 114 44 117 41 228 57 18 16 156
P 255 61C88647 151 168 66 29 136 253 208 194 163 90 120 40 32 19 245 56 115 6 211 95 182 155 102 53 226 123 128 81 49 154 68 212 195 164 26 126 204 106 93 78 132 14 63 185 166 65 17 91 149 3 87 97 232 139 54 31 242 35 89 246 176 254 111 94 80 251 207 188 107 147 119 33 220 231 203 138 30 169 105 62 45 72 46 200 51 47 60 148 43 74 237 193 205 146 250 101 157 108 244 8 144 192 131 69 1 2 82 112 234 130 122 159 190 191 236 150 12 10 34 187 27 227 113 241 103 135 240 83 249 137 218 152 202 67 20 39 219 4 184 221 238 85 7 196 222 180 142 61 197 9 177 198 173 92 133 28 223 70 38 172 116 77 248 239 141 88 42 109 179 225 23 235 5 129 118 25 224 170 201 243 11 104 37 98 99 75 21 140 174 36 229 100 165 161 143 127 15 230 84 158 71 210 153 247 48 59 175 167 64 214 121 76 134 110 58 125 86 73 13 22 79 233 199 213 186 189 216 52 24 215 178 183 206 96 124 209 252 145 160 171 55 217 162 181 114 44 117 41 228 57 18 16 156 50 0
P 255 DEADBEEF 125 42 250 92 201 247 199 26 213 37 230 144 164 62 131 4 197 117 248 7 86 204 194 222 8 101 149 217 88 6 163 72 165 157 70 107 105 100 115 155 242 252 146 210 61 175 240 139 181 243 235 94 236 229 63 140 190 244 167 49 118 60 22 36 32 130 114 193 179 220 188 43 35 106 1 183 56 51 228 171 9 168 83 223 186 182 191 21 113 78 232 145 54 205 33 24 161 87 102 59 41 14 23 133 93 11 135 91 45 211 254 76 214 12 207 40 156 122 16 176 219 151 0 104 10 25 200 124 148 66 50 110 38 69 238 103 143 30 231 196 150 20 195 81 90 206 47 52 147 55 227 253 126 166 225 2 159 27 249 218 154 13 99 173 189 74 96 108 79 136 28 251 111 137 233 162 57 112 19 184 237 58 65 97 82 129 160 209 120 46 138 17 29 169 39 116 153 203 141 3 239 98 174 48 177 128 208 77 68 89 245 192 246 109 5 44 64 187 234 215 224 142 84 71 198 241 75 202 180 53 80 212 119 152 15 132 170 73 158 221 134 172 216 178 34 123 121 85 127 18 95 31 226 67 185
P 255 FFFFFFFF 81 168 100 230 26 226 19 9 49 141 156 239 25 113 145 172 171 160 128 89 242 79 253 227 142 70 42 192 86 31 174 46 184 48 36 97 235 121 233 205 228 246 196 114 56 150 72 14 43 123 16 1 106 181 5 4 98 85 251 91 38 147 176 136 17 20 15 108 134 244 83 216 162 30 116 232 165 237 223 173 167 186 148 112 125 75 58 252 94 187 179 67 71 240 63 207 130 33 218 61 69 137 13 247 249 210 212 82 143 229 195 32 62 93 78 24 217 211 109 243 155 76 182 177 45 35 118 135 215 144 80 102 248 22 11 199 183 132 163 170 7 117 53 0 57 169 54 250 122 73 234 161 225 126 107 3 152 18 213 166 99 39 193 238 178 8 175 208 209 157 87 92 6 180 139 37 65 191 66 51 47 159 103 189 12 129 34 203 153 40 198 41 115 74 158 29 84 214 151 28 124 131 245 111 236 201 140 119 204 50 241 154 120 222 55 219 146 105 221 77 68 194 59 164 149 90 220 127 202 185 27 96 197 60 88 2 190 224 110 104 200 101 23 254 64 21 95 188 10 44 231 133 206 52 138
S 256 0 1 2 3 4 5 6 7 8 9 10 11 12 13 14 15 16 17 18 19 20 21 22 23 24 25 26 27 28 29 30 31 32 33 34 35 36 37 38 39 40 41 42 43 44 45 46 47 48 49 50 51 52 53 54 55 56 57 58 59 60 61 62 63 64 65 66 67 68 69 70 71 72 73 74 75 76 77 78 79 80 81 82 83 84 85 86 87 88 89 90 91 92 93 94 95 96 97 98 99 100 101 102 103 104 105 106 107 108 109 110 111 112 113 114 115 116 117 118 119 120 121 122 123 124 125 126 127 128 129 130 131 132 133 134 135 136 137 138 139 140 141 142 143 144 145 146 147 148 149 150 151 152 153 154 155 156 157 158 159 160 161 162 163 164 165 166 167 168 169 170 171 172 173 174 175 176 177 178 179 180 181 182 183 184 185 186 187 188 189 190 191 192 193 194 195 196 197 198 199 200 201 202 203 204 205 206 207 208 209 210 211 212 213 214 215 216 217 218 219 220 221 222 223 224 225 226 227 228 229 230 231 232 233 234 235 236 237 238 239 240 241 242 243 244 245 246 247 248 249 250 251 252 253 254 255
P 256 00000000 152 169 66 29 137 255 210 144 164 90 149 40 32 19 247 56 115 6 225 95 184 238 102 53 218 236 132 81 49 214 68 135 128 147 26 197 234 106 93 78 155 14 63 187 237 65 17 91 150 3 87 97 176 227 54 31 163 35 89 248 177 0 111 94 80 253 168 208 107 148 119 33 222 185 205 139 30 179 105 62 45 72 46 202 51 47 60 122 43 74 146 244 207 196 252 101 201 108 246 8 239 166 130 69 1 2 82 112 192 131 123 240 126 193 157 151 12 10 34 194 120 27 229 113 219 103 136 242 83 251 138 220 204 154 67 20 39 221 4 226 223 195 85 7 198 159 182 142 61 180 9 241 200 190 92 133 28 231 70 38 173 116 77 230 172 141 88 42 109 245 191 23 211 5 129 118 25 188 170 224 203 233 11 104 37 98 99 75 21 140 174 36 243 100 165 161 143 127 15 232 84 158 71 212 153 249 48 59 175 167 64 250 121 76 134 110 58 125 86 73 13 22 79 235 199 213 186 189 216 52 24 215 178 183 206 96 124 209 254 145 160 171 55 217 162 181 114 44 117 41 228 57 18 16 156 50
P 256 00000001 232 2 88 76 189 95 60 175 66 233 137 202 134 215 82 34 35 165 153 9 251 56 118 15 126 23 31 243 79 145 127 212 13 173 152 183 54 206 254 130 230 73 7 17 199 184 85 245 198 149 147 178 104 141 190 91 188 71 24 151 174 10 252 51 40 142 43 221 135 27 247 81 117 59 219 163 132 84 124 180 225 42 77 26 121 224 50 228 210 55 161 29 33 32 44 16 98 48 157 4 239 107 49 25 109 108 182 209 100 123 21 125 208 140 11 229 196 205 159 68 53 41 12 234 20 158 93 255 63 37 164 241 119 89 58 90 195 103 46 136 139 143 246 80 170 36 144 1 197 87 238 138 186 227 106 185 131 67 181 146 69 120 160 155 78 111 70 116 250 74 110 211 201 61 244 97 235 129 133 242 19 204 222 75 172 200 223 3 105 5 115 187 38 192 214 45 18 14 101 194 150 248 154 72 102 226 216 22 0 65 28 122 99 193 86 218 179 92 148 39 207 168 220 249 47 52 177 162 6 156 166 113 62 171 167 217 203 8 64 236 213 231 94 30 83 237 128 191 169 176 112 96 57 253 240 114
P 256 00000002 80 107 58 39 162 218 174 204 41 112 83 69 90 156 183 64 232 16 143 207 36 18 125 134 154 19 75 189 157 160 249 61 46 197 62 178 78 53 182 139 50 187 105 52 67 82 186 247 29 120 65 28 72 142 223 8 14 24 25 73 188 193 151 59 89 119 185 141 213 15 196 224 253 94 92 4 79 9 37 226 81 135 254 49 170 200 211 27 51 23 42 248 230 173 137 104 236 240 255 85 63 164 250 221 111 237 147 169 1 55 13 148 3 60 127 118 6 47 175 133 220 26 11 212 108 31 106 234 84 179 33 110 32 130 68 98 102 245 22 116 95 57 48 166 45 17 225 209 86 91 138 184 219 87 0 216 20 165 239 155 88 43 35 150 229 5 158 194 145 7 126 210 96 190 168 152 217 124 40 167 195 103 21 228 56 161 202 159 132 12 246 177 123 70 222 131 100 198 206 30 171 214 227 136 76 140 144 231 34 208 172 54 201 203 242 205 181 252 251 2 149 176 93 38 77 199 113 235 238 146 153 191 243 117 244 233 241 97 66 215 10 99 129 74 44 192 101 163 122 115 71 109 180 114 128 121
P 256 00000003 155 101 249 76 20 83 12 182 1 130 202 75 160 231 207 177 124 118 169 152 79 49 250 25 141 234 5 97 211 214 151 39 41 217 220 149 197 109 34 253 212 210 43 2 179 10 200 27 4 237 99 239 252 70 148 194 244 138 175 107 29 223 113 216 66 48 147 32 184 215 242 88 60 233 133 110 46 121 127 235 170 93 77 126 143 0 65 146 204 3 136 119 183 111 81 14 9 201 195 52 180 241 193 47 115 162 137 68 61 154 132 164 198 117 255 26 192 246 176 196 185 67 28 106 16 172 159 158 209 178 254 30 161 243 37 74 73 144 191 189 104 112 226 168 90 6 199 11 94 156 86 188 56 64 87 142 134 36 245 225 24 145 59 240 222 103 203 230 58 206 227 63 174 57 213 18 100 23 165 22 238 105 71 157 125 35 78 72 82 186 95 187 167 218 108 89 54 80 153 17 33 173 128 96 51 181 251 219 55 140 171 205 247 31 44 129 85 229 42 92 150 228 8 122 221 84 120 7 139 62 232 116 166 13 135 45 98 15 40 208 91 236 21 123 69 131 50 190 114 102 163 19 224 248 53 38
P 256 00000007 247 72 173 127 186 112 119 242 210 99 141 0 222 109 125 7 103 41 25 238 213 95 96 106 24 37 118 3 48 152 27 204 206 55 182 187 30 64 172 40 76 29 157 188 128 220 133 15 111 51 205 91 47 126 135 102 244 237 98 146 215 159 124 121 20 45 78 155 180 148 43 36 255 142 116 179 42 209 190 162 254 104 77 81 44 224 201 11 208 175 218 10 105 138 169 219 158 90 134 68 73 231 156 161 192 52 250 60 56 235 183 165 253 221 147 214 132 199 53 123 232 195 136 79 86 184 252 176 89 243 23 80 207 160 114 110 39 228 189 191 193 82 163 226 2 198 5 251 117 49 143 87 230 58 19 249 216 67 144 69 211 31 185 66 167 14 137 34 8 83 223 115 178 129 107 16 84 93 139 177 245 164 46 233 88 35 26 92 108 181 18 202 120 170 241 61 194 239 212 33 154 166 1 236 203 122 151 75 225 227 54 217 94 17 4 28 21 196 171 13 140 62 145 12 229 130 50 85 57 63 200 65 38 59 100 74 97 149 22 168 150 70 197 113 246 131 248 174 6 240 153 32 71 234 101 9
P 256 0000002A 111 135 63 151 13 233 84 162 248 102 212 144 57 18 213 176 105 128 183 157 126 167 243 8 158 249 216 220 209 100 147 197 79 76 81 199 75 134 195 106 32 116 205 208 91 178 159 68 85 114 123 217 99 122 227 215 69 229 92 37 74 160 244 228 181 255 62 146 253 3 72 9 23 210 11 83 190 238 36 14 194 185 61 109 28 112 25 254 4 235 198 5 86 188 203 189 237 33 219 250 71 223 56 46 87 138 214 164 140 30 149 184 2 242 118 196 239 22 73 88 119 236 142 104 40 153 166 148 90 113 41 0 139 211 136 15 230 97 221 19 47 38 150 206 121 120 10 98 51 44 171 55 172 129 177 131 192 43 240 115 222 48 53 174 110 241 225 125 101 200 182 96 163 65 204 202 1 168 245 251 49 52 39 170 34 66 93 201 187 141 165 67 218 45 89 175 82 224 70 137 29 7 234 169 6 95 179 17 132 226 78 12 247 20 231 127 59 193 145 130 173 152 143 161 50 124 21 58 191 252 232 156 54 154 180 27 186 117 80 155 94 246 133 107 77 108 16 64 103 60 207 42 26 31 35 24
P 256 00003039 62 102 146 242 74 93 121 105 208 243 49 83 223 174 101 254 81 246 124 23 212 162 137 61 236 24 168 221 232 54 31 51 180 214 97 0 59 119 1 138 218 110 122 29 166 11 20 94 193 112 15 147 53 80 70 56 104 190 71 215 88 17 128 33 173 135 64 26 144 91 209 129 134 176 207 44 28 4 63 186 79 35 241 188 195 114 198 78 107 47 16 213 197 164 163 234 39 8 191 196 161 210 224 58 183 87 220 204 9 202 40 34 200 117 177 27 67 140 66 165 32 14 116 148 100 123 19 145 167 48 139 235 12 92 192 95 172 181 175 255 156 154 179 42 239 21 222 248 149 237 252 206 228 76 225 111 160 194 85 227 6 75 43 157 3 253 90 205 69 170 130 115 229 118 136 84 96 65 158 68 247 211 219 52 13 251 30 46 250 50 113 132 171 201 151 199 73 185 182 106 89 37 155 82 45 7 152 60 178 131 187 98 125 99 5 77 127 169 55 231 86 159 109 244 189 150 153 103 143 126 38 203 226 233 238 216 18 41 22 184 2 72 217 230 240 120 10 142 249 57 108 133 141 36 245 25
P 256 9E3779B9 243 108 135 219 90 29 101 49 240 237 95 94 248 63 198 80 188 214 6 207 19 89 40 138 32 106 166 180 157 211 115 193 130 185 136 190 87 26 197 91 50 97 119 232 65 14 227 223 168 68 17 81 151 3 56 66 177 195 53 220 54 31 164 35 78 122 0 205 254 113 123 111 149 150 33 239 93 102 235 112 30 242 169 62 45 72 46 203 51 47 60 128 43 74 147 163 208 144 253 105 159 107 179 8 146 210 131 69 1 2 82 249 103 132 176 247 196 137 194 202 152 12 10 34 126 148 120 27 230 83 252 139 221 154 155 67 20 39 222 4 187 224 245 85 7 225 241 234 142 61 246 9 172 201 238 92 133 28 229 70 38 191 116 77 231 173 141 88 42 109 182 192 23 212 5 129 118 25 251 170 200 204 184 11 104 37 98 99 75 21 140 174 36 218 100 165 161 143 127 15 233 84 158 71 226 153 250 48 59 175 167 64 244 121 76 134 110 58 125 86 73 13 22 79 236 199 213 186 189 216 52 24 215 178 183 206 96 124 209 255 145 160 171 55 217 162 181 114 44 117 41 228 57 18 16 156
P 256 61C88647 151 168 66 29 136 254 236 195 163 90 120 40 32 19 246 56 115 6 212 95 232 155 102 53 242 123 128 81 49 154 68 224 196 164 26 126 205 106 93 78 132 14 63 225 166 65 17 91 149 3 87 97 207 139 54 31 243 35 89 247 176 255 111 94 80 252 208 226 107 147 119 33 221 184 204 138 30 169 105 62 45 72 46 201 51 47 60 148 43 74 238 194 233 146 251 101 157 108 245 8 144 193 131 69 1 2 82 112 235 130 122 159 191 192 237 150 12 10 34 188 27 249 113 218 103 135 241 83 250 137 219 152 203 67 20 39 220 4 185 222 239 85 7 197 200 244 142 61 179 9 177 223 173 92 133 28 214 70 38 172 116 77 229 240 141 88 42 109 180 190 23 210 5 129 118 25 187 170 198 202 182 11 104 37 98 99 75 21 140 174 36 227 100 165 161 143 127 15 231 84 158 71 211 153 248 48 59 175 167 64 230 121 76 134 110 58 125 86 73 13 22 79 234 199 213 186 189 216 52 24 215 178 183 206 96 124 209 253 145 160 171 55 217 162 181 114 44 117 41 228 57 18 16 156 50 0
P 256 DEADBEEF 249 42 140 105 163 248 200 26 236 37 231 145 165 62 155 4 240 233 199 7 86 113 195 223 8 102 150 188 88 6 191 72 166 239 70 92 106 101 206 156 217 227 149 94 61 100 135 184 182 179 133 251 171 230 63 117 211 245 214 49 189 60 22 36 32 131 115 164 229 201 122 43 35 125 1 228 56 51 181 253 9 194 83 224 244 183 232 21 114 78 139 168 146 54 186 33 24 176 87 107 59 41 14 23 241 93 11 237 91 45 193 130 76 220 12 208 40 157 124 118 16 205 243 175 0 104 10 25 143 148 66 50 110 38 69 159 103 144 30 213 161 151 20 196 81 90 207 47 52 147 55 197 254 126 167 173 2 218 27 250 219 154 13 99 203 190 74 96 108 79 136 28 252 111 137 234 162 57 112 19 255 238 58 65 97 82 129 160 210 120 46 138 17 29 169 39 116 153 204 141 3 222 98 174 48 177 128 209 77 68 89 246 192 247 109 5 44 64 187 235 215 225 142 84 71 198 242 75 202 180 53 80 212 119 152 15 132 170 73 158 221 134 172 216 178 34 123 121 85 127 18 95 31 226 67 185
P 256 FFFFFFFF 81 168 100 251 26 221 19 9 49 141 156 240 25 113 145 172 171 160 128 89 243 79 254 228 142 70 42 193 86 31 175 46 230 48 36 97 236 121 234 229 203 247 233 114 56 150 72 14 43 123 16 1 106 182 5 4 98 85 252 91 38 147 177 136 17 20 15 108 134 245 83 217 162 30 116 198 165 225 238 174 167 187 148 112 125 75 58 207 94 248 180 67 71 253 63 208 130 33 195 61 69 137 13 189 250 211 213 82 143 186 196 32 62 93 78 24 218 212 109 244 155 76 183 178 45 35 118 135 216 144 80 102 249 22 11 241 184 132 163 170 7 117 53 0 57 169 54 232 122 73 235 161 226 126 107 3 152 18 214 166 99 39 219 239 179 8 176 191 210 157 87 92 6 173 181 139 37 65 192 66 51 47 159 103 205 12 129 34 209 153 40 199 41 115 74 158 29 84 215 151 28 124 131 246 111 237 201 140 119 204 50 242 154 120 223 55 227 146 105 222 77 68 194 59 164 149 90 220 127 202 185 27 96 197 60 88 2 190 224 110 104 200 101 23 255 64 21 95 188 10 44 231 133 206 52 138
