# Shuffled source vectors -- generated by gen_src_shuffled_vectors.py
# from validation/traversal_sources.py. Do not edit by hand.
#
# A script, not a table: section 5.4 promises no cycle count for a fill,
# so the bench POLLS `ready` rather than counting to it.
#
# R <name> <kind> <N> <seed> <rst>  kind q = qualified (underrun must stay
#                                    0), u = underrun permitted
# B <k> <p...>                      bank k of the stream
# P <pass> <idle> <gap>             idle, then ts_t = 0,1,..,N-1 held `gap`
# D <cycles>                        idle at ts_t = 0
# X <cycles>                        assert rst for that many cycles
# E                                 expect ready == 0
# L <seed hex>                      pulse load with a new seed
#
# A pass matching bank b+1 means a new bank was handed in, so `underrun`
# must be 0; matching bank b means the last bank repeated, so it must be 1.
# The bench checks both, and that they agree.
#
# q_n1_s0 : N=1 qualified startup_lead
R q_n1_s0 q 1 0 2
B 0 0
B 1 0
B 2 0
P 0 67 1
P 1 67 1
P 2 67 1
# q_n2_s1 : N=2 qualified startup_lead
R q_n2_s1 q 2 1 2
B 0 1 0
B 1 1 0
B 2 0 1
P 0 70 1
P 1 70 1
P 2 70 1
# q_n3_s2 : N=3 qualified startup_lead
R q_n3_s2 q 3 2 2
B 0 2 0 1
B 1 1 0 2
B 2 0 2 1
P 0 73 1
P 1 73 1
P 2 73 1
# q_n7_s3 : bank_boundary gaps qualified
R q_n7_s3 q 7 3 2
B 0 1 3 2 4 0 5 6
B 1 5 0 4 1 3 2 6
B 2 4 1 2 6 5 0 3
B 3 1 2 0 6 3 4 5
P 0 85 1
P 1 85 1
P 2 85 3
# q_n8_s2a : bank_boundary gaps qualified
R q_n8_s2a q 8 2a 2
B 0 4 1 7 6 5 2 3 0
B 1 2 5 1 6 3 4 7 0
B 2 1 4 5 7 2 0 3 6
B 3 3 7 0 1 5 2 4 6
P 0 88 1
P 1 88 1
P 2 88 3
# q_n16_s3039 : bank_boundary gaps qualified
R q_n16_s3039 q 16 3039 2
B 0 3 7 13 12 2 10 1 6 0 8 11 15 14 4 5 9
B 1 0 14 1 4 3 12 11 5 10 7 13 15 9 6 8 2
B 2 6 7 9 10 8 14 15 4 11 1 12 2 3 5 13 0
B 3 14 12 0 2 1 4 11 5 7 13 15 3 6 10 8 9
P 0 112 1
P 1 112 1
P 2 112 3
# q_n64_s7 : bank_boundary gaps qualified
R q_n64_s7 q 64 7 2
B 0 34 50 27 30 15 53 0 18 16 24 39 20 44 43 19 26 51 60 63 58 14 47 23 11 62 31 55 29 35 59 28 41 4 13 61 17 12 2 45 8 1 38 36 10 33 21 57 40 22 52 5 49 54 3 56 46 6 48 25 32 7 42 37 9
B 1 37 56 63 39 57 61 7 42 27 23 17 48 4 25 31 59 0 15 58 22 13 40 52 32 60 45 5 6 51 30 33 14 9 53 54 41 21 34 8 10 19 12 50 47 43 16 20 1 29 11 49 3 36 2 18 46 24 35 62 26 28 38 55 44
B 2 18 17 53 44 5 37 36 48 35 8 3 45 42 51 29 28 30 19 13 2 61 63 9 1 21 54 43 26 41 59 10 27 56 32 4 49 33 55 38 47 22 24 7 20 25 23 60 58 16 52 6 31 11 12 50 62 46 39 15 40 14 0 57 34
B 3 40 13 49 62 27 0 41 51 25 55 4 46 3 57 29 48 60 8 44 31 47 30 7 37 19 16 12 53 11 58 22 15 14 50 10 39 21 6 32 5 63 45 20 54 61 56 43 36 9 2 52 17 34 42 18 26 33 35 23 28 24 1 38 59
P 0 256 1
P 1 256 1
P 2 256 3
# q_n100_sbeef : bank_boundary gaps qualified
R q_n100_sbeef q 100 beef 2
B 0 71 29 61 22 31 3 60 0 50 19 53 23 75 5 14 54 86 66 40 26 2 89 45 10 77 20 55 81 79 43 27 64 6 82 34 18 58 95 17 46 30 32 59 28 21 72 39 87 36 51 44 33 42 8 63 52 85 94 99 96 76 90 1 73 35 88 37 67 47 7 38 69 13 93 80 91 48 16 15 62 11 65 98 41 70 24 56 25 57 78 84 92 83 4 9 68 49 12 97 74
B 1 53 24 60 80 9 74 12 44 64 96 70 1 68 97 63 94 21 86 45 0 16 25 93 84 29 78 26 42 61 46 79 13 87 91 48 43 95 7 22 39 69 92 28 85 37 83 57 4 73 50 3 19 10 54 31 23 18 81 98 14 52 32 88 58 76 15 77 72 8 90 5 11 20 99 59 41 6 75 33 34 17 36 38 49 2 66 82 71 30 51 67 89 55 27 35 40 47 65 56 62
B 2 78 64 39 31 99 62 82 4 18 2 59 27 83 48 29 28 41 69 92 84 45 70 24 32 34 97 44 40 65 80 0 13 43 95 7 55 46 85 51 75 54 93 19 88 9 20 87 60 12 52 21 91 89 47 90 76 22 15 3 35 72 96 11 77 8 86 67 30 79 10 98 14 26 94 58 74 42 57 5 33 38 1 16 61 63 6 81 56 36 49 50 66 25 71 53 17 73 68 37 23
B 3 7 1 18 43 48 81 83 64 23 13 82 74 56 75 2 62 86 42 36 95 66 12 79 39 90 8 96 41 46 25 44 45 34 61 30 5 89 26 37 94 3 72 80 54 33 99 58 67 77 97 35 53 49 88 4 63 40 27 20 32 70 55 24 51 76 29 52 31 9 6 15 50 65 71 47 93 69 14 84 22 21 92 60 78 19 10 59 98 68 73 85 11 91 0 28 38 87 57 17 16
P 0 364 1
P 1 364 1
P 2 364 3
# q_n256_max : bank_n_max qualified
R q_n256_max q 256 5e6d 2
B 0 238 224 154 194 253 84 105 203 235 117 132 35 72 170 14 60 213 174 149 188 153 176 195 67 168 196 189 230 50 239 242 156 96 212 185 7 93 124 15 36 29 81 70 94 11 129 126 98 172 147 159 5 155 254 112 161 183 33 202 44 114 173 222 77 215 219 9 166 163 91 141 151 19 142 18 122 164 40 243 53 0 251 181 90 148 221 206 133 113 26 104 208 158 209 227 120 43 109 248 218 45 139 99 134 56 150 2 78 220 201 179 4 102 182 97 30 210 180 83 143 76 73 200 207 131 88 232 157 37 127 107 171 74 233 54 130 51 49 25 237 80 8 42 225 145 116 255 103 52 82 249 17 31 135 193 205 146 245 165 138 48 137 23 199 226 123 160 244 39 58 192 75 3 16 234 27 115 250 111 216 6 1 28 140 169 57 110 63 204 62 252 95 66 100 175 217 236 89 64 69 13 223 121 47 246 106 167 231 118 12 24 22 247 86 38 20 184 85 61 186 92 211 214 144 68 71 46 125 178 191 228 87 65 162 240 34 187 241 59 177 229 79 55 101 32 21 10 152 119 108 190 41 128 197 198 136
B 1 255 181 32 85 126 158 221 75 86 25 235 112 50 196 76 116 43 189 226 109 128 118 3 138 45 132 121 252 231 129 244 175 133 20 127 237 195 33 17 174 105 106 21 46 28 213 183 220 154 191 70 205 89 13 18 150 145 232 92 56 63 208 22 186 55 209 217 179 166 246 114 202 24 124 93 51 143 142 199 152 6 35 23 88 245 218 180 119 104 163 39 136 184 149 72 207 122 230 94 49 30 212 241 222 170 42 253 243 71 177 147 78 162 27 224 79 87 240 182 19 248 96 254 31 190 144 34 171 227 111 228 214 61 137 153 0 102 26 130 44 197 100 219 159 15 10 194 123 90 176 113 135 99 37 187 110 157 200 2 161 108 48 250 173 117 47 172 80 14 58 134 95 204 53 242 251 54 148 29 131 97 41 59 229 38 74 223 115 169 233 77 164 12 188 236 201 11 249 66 1 68 160 198 16 141 211 139 4 140 238 62 120 216 151 67 247 107 82 73 98 210 84 69 146 193 155 91 5 57 7 125 8 239 225 178 234 81 206 103 165 64 83 36 203 60 215 167 65 156 168 101 192 40 52 9 185
B 2 24 40 53 190 77 146 203 48 64 170 198 86 215 222 159 87 83 225 194 22 8 132 50 189 122 57 223 137 178 154 184 13 152 182 71 72 130 185 236 151 58 158 15 157 102 12 228 119 99 96 143 227 4 10 31 113 49 33 145 246 202 59 7 94 70 167 183 118 91 243 92 120 144 127 164 254 168 195 138 11 224 175 229 103 63 176 5 165 221 162 116 66 191 21 153 163 101 199 81 84 218 79 226 238 123 248 85 197 155 174 44 100 30 242 69 3 255 109 128 247 0 111 45 235 39 27 125 65 14 201 54 35 38 41 52 220 230 241 169 181 234 239 187 172 251 19 106 95 78 171 73 37 192 1 210 51 237 148 124 193 36 149 209 200 161 112 76 9 211 28 231 186 244 56 104 207 217 205 212 140 135 160 107 108 98 18 147 62 204 240 80 114 115 88 26 6 141 173 131 47 139 252 16 219 136 179 34 17 150 89 126 206 67 110 253 180 117 166 46 20 134 208 42 75 216 43 142 214 245 60 93 90 177 232 68 250 196 61 2 105 213 55 74 23 156 82 188 129 233 97 29 121 133 25 32 249
P 0 832 1
P 1 832 1
# unservable_n512 : never_ready unservable
R unservable_n512 n 512 1 2
D 4000
# u_backtoback : O1_holds repeat_last_bank underrun
R u_backtoback u 8 9e3779b9 2
B 0 3 5 7 6 1 2 0 4
B 1 7 3 0 1 6 5 2 4
B 2 4 7 5 6 2 1 0 3
B 3 5 1 3 4 7 2 6 0
B 4 4 3 7 6 1 0 5 2
B 5 6 0 3 2 1 5 4 7
P 0 4 1
P 1 0 1
P 2 0 1
P 3 0 1
P 4 2 1
P 5 0 1
# reset_midstream : qualified reset
R reset_midstream q 16 1234 2
B 0 15 4 2 0 11 8 1 3 6 13 5 7 9 10 12 14
B 1 5 6 3 2 13 10 1 4 11 12 14 0 15 7 9 8
B 2 5 12 1 7 3 8 14 6 4 15 10 2 13 11 9 0
P 0 112 1
X 3
P 1 112 1
# load_midstream : qualified reload
R load_midstream q 12 77 2
B 0 3 11 6 8 4 9 0 7 10 5 1 2
B 1 2 10 5 9 6 8 3 7 11 1 4 0
B 2 7 10 4 11 3 0 1 8 2 6 5 9
P 0 100 1
L 77
P 1 100 1
